1000	100	10	2000	
        47	   275.470	    91.702	       3	       3
       245	    51.641	   318.550	       3	       3
       918	   138.715	   146.180	       3	       3
        82	   778.638	   620.774	       3	       3
       777	   178.053	   949.845	       3	       3
       915	   583.439	   660.961	       3	       3
       725	   928.124	   500.221	       3	       3
       655	   107.664	   344.814	       3	       3
       857	   452.644	   503.870	       3	       3
       970	   155.993	   632.200	       3	       3
       154	   304.211	   396.585	       3	       3
       139	   764.124	   924.608	       3	       3
       982	   626.922	   845.589	       3	       3
       593	   711.095	   530.862	       3	       3
       759	   193.461	   840.514	       3	       3
       518	    68.431	    97.623	       3	       3
       400	   879.656	   741.840	       3	       3
       291	   319.849	   191.426	       3	       3
       188	   604.480	   402.084	       3	       3
       286	   955.210	   205.596	       3	       3
       264	   415.792	   318.218	       3	       3
       367	   195.892	    68.504	       3	       3
       924	   166.028	   353.148	       3	       3
       478	   624.807	   965.809	       3	       3
       917	    56.294	     4.045	       3	       3
       262	   328.553	   701.712	       3	       3
       500	   980.412	   339.001	       3	       3
       678	   771.597	   330.174	       3	       3
       935	   209.332	   644.005	       3	       3
       408	   585.282	   884.097	       3	       3
       572	   439.788	   141.051	       3	       3
       590	   613.554	   893.876	       3	       3
       225	   319.971	   727.236	       3	       3
       993	   111.900	   439.905	       3	       3
       763	   313.015	   932.409	       3	       3
       513	   993.938	   814.807	       3	       3
       488	   165.774	   367.257	       3	       3
       874	   462.920	    93.098	       3	       3
        96	   635.517	   414.153	       3	       3
       151	    37.088	   765.158	       3	       3
       403	   253.274	   198.219	       3	       3
        17	   870.213	   626.354	       3	       3
       329	   139.631	   334.587	       3	       3
       839	    18.071	   853.122	       3	       3
       544	   689.714	   885.525	       3	       3
       323	   871.078	   181.401	       3	       3
       523	   355.508	   477.810	       3	       3
       906	   396.799	   208.879	       3	       3
       326	   862.912	    52.994	       3	       3
       219	   932.257	   556.400	       3	       3
       274	   450.759	   164.169	       3	       3
       738	   974.991	   164.692	       3	       3
       663	   697.937	   378.546	       3	       3
       637	   753.610	   941.978	       3	       3
       441	   577.774	   405.732	       3	       3
       643	   134.606	   420.113	       3	       3
       466	   807.699	   828.591	       3	       3
       552	   104.669	    75.623	       3	       3
        81	   335.511	   314.055	       3	       3
       397	   564.364	    33.659	       3	       3
       464	   622.589	   482.108	       3	       3
       927	   458.101	   398.843	       3	       3
       571	   812.855	   680.178	       3	       3
       323	   248.261	   174.822	       3	       3
       525	   422.766	   472.051	       3	       3
       974	   805.611	   890.457	       3	       3
       802	   548.123	   811.468	       3	       3
       507	   247.527	   672.722	       3	       3
        53	    10.772	   512.896	       3	       3
       598	   246.920	   959.983	       3	       3
        36	   249.870	   516.363	       3	       3
       830	   615.763	   642.790	       3	       3
       346	   261.934	   552.043	       3	       3
       631	   524.276	   111.141	       3	       3
       893	   380.255	   850.188	       3	       3
       307	    36.090	   264.490	       3	       3
       476	   843.606	   952.747	       3	       3
        25	   449.966	   152.327	       3	       3
        74	   976.481	   677.018	       3	       3
       206	    57.447	   336.087	       3	       3
        35	   163.089	   630.067	       3	       3
       377	   182.594	   233.357	       3	       3
       748	   541.293	     6.128	       3	       3
       481	   272.699	   753.324	       3	       3
       913	   493.268	   923.370	       3	       3
       292	   733.943	   971.846	       3	       3
       675	   184.755	   597.557	       3	       3
       626	   920.697	   690.291	       3	       3
        32	   660.063	   874.498	       3	       3
       787	   690.075	   743.766	       3	       3
       717	   168.086	   166.072	       3	       3
       136	   685.754	   741.936	       3	       3
       289	   601.804	   406.053	       3	       3
       391	   654.961	   728.876	       3	       3
       366	   517.694	   868.040	       3	       3
       165	    69.485	   541.081	       3	       3
       943	   473.837	   798.150	       3	       3
       323	   484.744	   466.716	       3	       3
       605	   617.898	   948.939	       3	       3
       176	   100.721	   688.943	       3	       3
       658	    28.270	   728.708	       3	       3
       298	    67.969	   414.960	       3	       3
       428	   375.883	   192.278	       3	       3
       788	   772.834	   667.838	       3	       3
       289	   407.131	   477.884	       3	       3
       665	   934.955	   875.138	       3	       3
       761	   532.677	   839.541	       3	       3
        97	   446.410	   582.397	       3	       3
       803	   328.819	    73.469	       3	       3
       977	   344.065	   651.541	       3	       3
       253	    47.464	   640.005	       3	       3
       358	   448.608	   717.651	       3	       3
       596	   903.231	   384.170	       3	       3
       200	   881.428	   618.845	       3	       3
       312	   812.956	   375.461	       3	       3
       938	   960.228	   819.592	       3	       3
       738	   306.551	   349.813	       3	       3
       161	   928.267	   447.773	       3	       3
       705	    44.928	   552.313	       3	       3
       331	   360.133	   341.949	       3	       3
       379	    76.018	   769.699	       3	       3
       855	   925.426	   571.389	       3	       3
       781	   338.023	   266.249	       3	       3
       906	   790.980	   946.407	       3	       3
       263	   749.122	     7.940	       3	       3
       471	   465.830	   620.615	       3	       3
       784	    82.326	   285.585	       3	       3
       574	   199.965	    38.130	       3	       3
       479	    76.169	   651.262	       3	       3
       464	   892.464	   833.514	       3	       3
       524	   720.971	   652.219	       3	       3
       598	   447.687	   896.162	       3	       3
       997	   576.449	   300.183	       3	       3
       159	   201.467	    92.336	       3	       3
       725	   720.518	   541.115	       3	       3
       273	   847.344	   837.529	       3	       3
        87	   568.554	   637.462	       3	       3
       722	   606.442	   139.583	       3	       3
        85	   900.273	   323.617	       3	       3
       342	   893.316	   784.836	       3	       3
        53	   600.380	   996.910	       3	       3
       542	   784.025	   993.470	       3	       3
       552	   788.337	   932.461	       3	       3
       558	   980.759	   947.563	       3	       3
       881	   686.563	   446.382	       3	       3
       785	   919.947	   393.625	       3	       3
       823	    69.396	   487.781	       3	       3
       974	   531.458	    56.050	       3	       3
       579	   584.100	   232.098	       3	       3
       762	   386.633	   852.184	       3	       3
       518	   261.260	   618.413	       3	       3
       220	   449.316	   647.788	       3	       3
       106	   547.591	   541.199	       3	       3
       279	   845.923	   579.241	       3	       3
        20	   815.795	   272.298	       3	       3
       289	   261.264	   493.350	       3	       3
       902	   982.056	    10.746	       3	       3
       859	   928.058	   462.825	       3	       3
       913	   335.672	   532.491	       3	       3
       899	   704.562	   825.876	       3	       3
       162	   649.134	    95.327	       3	       3
       724	   208.791	   385.143	       3	       3
       486	   744.471	   271.620	       3	       3
       670	   977.718	   240.135	       3	       3
       426	   415.604	   969.947	       3	       3
       150	    91.558	   423.933	       3	       3
       203	   261.298	   312.406	       3	       3
       616	   228.855	   363.784	       3	       3
       582	   831.441	   629.682	       3	       3
       499	   526.814	   558.140	       3	       3
       162	    32.700	   172.219	       3	       3
       348	   760.843	   690.400	       3	       3
       893	   423.374	   843.699	       3	       3
       875	   177.009	   165.255	       3	       3
       140	   701.239	   622.440	       3	       3
       502	   597.598	   954.767	       3	       3
       742	   275.584	   151.469	       3	       3
       625	    61.840	   666.596	       3	       3
       876	   704.884	   358.323	       3	       3
       276	   358.194	   855.958	       3	       3
       704	   723.237	   207.081	       3	       3
       874	   526.975	   814.098	       3	       3
       499	    94.942	   922.567	       3	       3
       860	   356.454	   367.040	       3	       3
       480	   909.984	   515.320	       3	       3
       208	   178.666	    45.114	       3	       3
       716	   192.428	    11.891	       3	       3
       337	   201.307	   892.387	       3	       3
       186	   122.154	   436.937	       3	       3
       576	   629.671	   947.162	       3	       3
        25	   949.955	   535.231	       3	       3
       911	    40.095	   553.048	       3	       3
       411	   464.233	   522.636	       3	       3
       180	    69.703	   369.877	       3	       3
        30	   593.844	   533.532	       3	       3
       640	   598.580	   854.367	       3	       3
       954	   350.454	   881.260	       3	       3
       288	   261.992	   963.449	       3	       3
       495	   313.324	   605.327	       3	       3
       919	   904.910	   747.137	       3	       3
       636	   404.988	   783.161	       3	       3
       619	   706.368	   250.211	       3	       3
       703	   550.539	   853.484	       3	       3
       862	   450.138	   945.831	       3	       3
        20	   462.996	   541.258	       3	       3
       106	   103.300	   928.579	       3	       3
       193	   950.032	   519.199	       3	       3
       327	   125.496	   240.145	       3	       3
       578	   131.214	   385.910	       3	       3
       739	   160.427	   311.033	       3	       3
       415	   870.082	   487.444	       3	       3
       241	   987.102	   870.256	       3	       3
       106	   938.849	   290.413	       3	       3
       515	   382.036	   739.327	       3	       3
       989	   482.247	   995.986	       3	       3
        35	   669.888	   513.660	       3	       3
       507	   812.798	   953.688	       3	       3
       920	   918.039	   198.189	       3	       3
       151	    87.660	   416.902	       3	       3
       222	   128.513	   374.462	       3	       3
       638	   735.464	   961.890	       3	       3
       821	   962.871	   902.685	       3	       3
       656	   567.131	   603.098	       3	       3
       727	   947.215	   431.019	       3	       3
       706	   856.924	   630.266	       3	       3
       965	   703.499	   479.848	       3	       3
       921	   180.116	   410.703	       3	       3
       546	   619.334	   223.998	       3	       3
       147	   558.079	   723.057	       3	       3
       460	    62.509	   596.287	       3	       3
       209	   439.119	   608.689	       3	       3
       831	   859.965	   384.515	       3	       3
       335	    10.628	   234.968	       3	       3
       430	    85.160	   387.568	       3	       3
       879	   428.749	   970.931	       3	       3
       770	   587.465	   483.592	       3	       3
        31	   859.552	   411.935	       3	       3
       306	   614.593	   562.341	       3	       3
        87	   532.419	   843.867	       3	       3
       229	   836.449	   217.130	       3	       3
       699	   744.061	   495.631	       3	       3
       379	   327.867	   297.404	       3	       3
       313	   244.692	   729.098	       3	       3
       471	   654.546	   806.281	       3	       3
       434	   608.783	   481.092	       3	       3
       472	    68.068	   339.826	       3	       3
       567	   386.599	   516.898	       3	       3
       865	   536.384	    73.683	       3	       3
       666	   892.901	   356.447	       3	       3
       934	   939.331	   712.042	       3	       3
       244	   218.100	   188.752	       3	       3
       567	   561.832	   515.897	       3	       3
       461	   134.154	   108.944	       3	       3
       894	   708.817	   164.300	       3	       3
       332	   153.213	   250.707	       3	       3
       984	     2.547	   475.795	       3	       3
       312	    14.004	   473.108	       3	       3
       394	   217.611	   168.963	       3	       3
       423	   904.846	    11.189	       3	       3
        73	    63.271	   334.543	       3	       3
       853	   292.299	   660.902	       3	       3
       557	   145.026	   156.202	       3	       3
       959	   651.545	   679.616	       3	       3
       487	   143.707	   106.227	       3	       3
       555	   310.968	   911.336	       3	       3
       652	   954.782	   753.362	       3	       3
       478	   917.505	   928.751	       3	       3
       605	   848.547	   978.264	       3	       3
        58	   525.272	   645.587	       3	       3
       832	    96.774	   325.914	       3	       3
       298	   146.325	   198.861	       3	       3
       263	   415.103	   972.868	       3	       3
       678	   524.872	   477.555	       3	       3
        65	   282.037	   572.123	       3	       3
       732	   262.218	   704.871	       3	       3
       297	   456.978	   724.279	       3	       3
        38	   396.003	    39.911	       3	       3
       232	   729.957	   227.406	       3	       3
       340	     6.008	    30.724	       3	       3
       146	   613.720	   107.026	       3	       3
       119	    31.197	   825.528	       3	       3
       621	    62.710	    18.007	       3	       3
        42	   257.612	   573.074	       3	       3
       530	   591.889	   956.520	       3	       3
       606	    88.207	   794.734	       3	       3
       983	   861.043	    76.726	       3	       3
       572	    72.465	   967.016	       3	       3
       601	   328.781	   712.773	       3	       3
       179	   810.570	   652.521	       3	       3
       842	   933.149	   332.038	       3	       3
       630	   246.993	   953.525	       3	       3
       221	   554.556	   163.647	       3	       3
        34	   560.480	   632.159	       3	       3
       123	   477.248	   832.931	       3	       3
       798	   449.832	   359.049	       3	       3
        54	   935.863	   377.031	       3	       3
       281	   390.073	   910.291	       3	       3
       680	    46.876	   299.890	       3	       3
       485	   255.708	   801.556	       3	       3
       920	   432.552	   756.888	       3	       3
       509	   294.153	   628.658	       3	       3
       797	   541.572	   279.640	       3	       3
       261	   760.635	   878.123	       3	       3
       676	   906.792	   242.994	       3	       3
       245	   771.671	   493.277	       3	       3
        96	   564.868	   121.104	       3	       3
       401	   171.437	   190.876	       3	       3
       749	   425.665	   365.411	       3	       3
        63	   749.197	   535.522	       3	       3
       441	    32.961	   379.525	       3	       3
       888	   482.098	   211.770	       3	       3
       454	   521.726	   873.120	       3	       3
       765	   537.513	   902.311	       3	       3
       300	   163.177	   817.320	       3	       3
       110	   638.078	   645.938	       3	       3
       750	   236.199	   405.645	       3	       3
       810	   156.810	   245.087	       3	       3
       925	   388.616	   682.315	       3	       3
       461	   502.657	   706.924	       3	       3
       802	   165.633	    68.679	       3	       3
       733	   556.938	   479.316	       3	       3
       239	   810.447	   565.157	       3	       3
       616	   136.345	   781.353	       3	       3
       176	   775.352	   948.700	       3	       3
       697	   982.249	   238.628	       3	       3
       241	   942.545	   958.488	       3	       3
       911	   339.231	   375.098	       3	       3
        89	   693.087	   253.788	       3	       3
       585	   662.162	   237.689	       3	       3
       891	   827.978	   453.273	       3	       3
        97	   846.496	   115.912	       3	       3
       426	   555.046	   432.047	       3	       3
       820	   673.246	    55.984	       3	       3
       724	   498.583	   561.056	       3	       3
       716	     7.978	   667.563	       3	       3
       738	   712.066	   116.971	       3	       3
       748	   508.476	    23.496	       3	       3
       680	   190.539	   530.587	       3	       3
       667	   861.092	   377.143	       3	       3
       334	   813.734	   283.464	       3	       3
       842	   721.225	   391.901	       3	       3
       198	    60.331	   393.573	       3	       3
       510	    10.678	   528.843	       3	       3
       216	   982.796	   113.213	       3	       3
       155	   608.310	   155.901	       3	       3
       177	     1.182	   148.684	       3	       3
       173	   471.005	   365.999	       3	       3
       475	   538.985	   403.700	       3	       3
       678	   561.326	   109.730	       3	       3
       672	   922.110	   314.803	       3	       3
       816	   650.901	   317.095	       3	       3
       691	    63.536	     3.584	       3	       3
       468	   305.026	   403.359	       3	       3
       727	   491.718	   423.415	       3	       3
       336	   411.547	   832.078	       3	       3
       675	   317.865	   101.284	       3	       3
       240	   488.282	    77.654	       3	       3
       250	    62.716	   208.844	       3	       3
        58	   113.297	   839.229	       3	       3
       700	   948.837	   551.439	       3	       3
       968	   751.886	   848.709	       3	       3
       310	   101.407	   854.037	       3	       3
       627	   584.938	   114.296	       3	       3
       192	   907.533	   373.108	       3	       3
       266	   643.294	   271.373	       3	       3
       352	   664.543	   489.940	       3	       3
       513	   225.004	   309.767	       3	       3
       794	    81.448	   894.357	       3	       3
       285	    90.988	   526.817	       3	       3
       787	     3.844	   981.139	       3	       3
       634	   957.428	   805.208	       3	       3
       742	    64.792	   846.722	       3	       3
        61	   764.933	   793.065	       3	       3
       889	   545.755	   911.330	       3	       3
       148	   499.811	   580.494	       3	       3
       133	    87.548	   690.739	       3	       3
       334	    13.014	   669.112	       3	       3
       417	    64.872	   920.790	       3	       3
       280	     9.319	   383.734	       3	       3
       713	   972.104	   193.685	       3	       3
       543	   148.840	    77.116	       3	       3
       184	   599.692	   756.523	       3	       3
       390	   411.833	   564.065	       3	       3
       141	   737.848	   965.026	       3	       3
       450	   636.540	   641.150	       3	       3
       866	   920.947	   438.466	       3	       3
       218	   674.172	   572.820	       3	       3
       952	   228.418	   622.848	       3	       3
       576	   436.192	   493.383	       3	       3
       985	   511.046	   998.510	       3	       3
       593	   971.720	   934.560	       3	       3
       518	     2.559	   509.023	       3	       3
       536	    64.839	   714.718	       3	       3
       727	   846.513	   269.516	       3	       3
       153	   945.479	   551.574	       3	       3
       419	   766.003	   636.899	       3	       3
       831	   651.160	   539.738	       3	       3
       734	   815.088	   572.842	       3	       3
       515	     2.297	   821.770	       3	       3
       964	   252.872	   908.898	       3	       3
       991	   330.269	   580.155	       3	       3
       636	   100.652	   481.769	       3	       3
       760	   645.129	   751.256	       3	       3
       935	   825.311	   218.877	       3	       3
       566	   355.245	   330.778	       3	       3
        47	   216.428	   317.903	       3	       3
       160	   475.496	   632.888	       3	       3
       485	   223.543	    16.138	       3	       3
       448	   367.363	   997.628	       3	       3
       342	   738.999	   550.802	       3	       3
       534	   460.742	   172.267	       3	       3
       386	    71.300	   165.106	       3	       3
       325	   335.148	   228.521	       3	       3
       932	   610.065	   156.496	       3	       3
       982	   702.423	   875.059	       3	       3
       977	   869.807	   518.377	       3	       3
       737	     5.511	   322.357	       3	       3
       433	   298.707	   247.928	       3	       3
       647	   749.143	   521.059	       3	       3
        53	   863.316	   653.188	       3	       3
       470	   896.700	   891.293	       3	       3
       892	   399.194	   767.755	       3	       3
       816	   438.245	   368.928	       3	       3
       613	   387.023	   350.007	       3	       3
       634	   225.082	   427.529	       3	       3
       263	   147.680	    16.297	       3	       3
       847	     2.587	   220.819	       3	       3
       748	   766.219	   511.462	       3	       3
       427	   979.577	   788.310	       3	       3
       181	   826.033	   185.023	       3	       3
       420	   185.735	   545.828	       3	       3
       706	   762.506	   798.195	       3	       3
       975	   189.207	   326.101	       3	       3
       595	   340.227	   176.669	       3	       3
       318	   608.595	   543.956	       3	       3
       611	   689.795	   717.550	       3	       3
       549	   388.097	   252.148	       3	       3
        53	   269.398	   705.388	       3	       3
        11	   944.259	   295.237	       3	       3
       348	   304.447	   311.737	       3	       3
       137	   584.530	   650.163	       3	       3
       616	   424.555	   415.066	       3	       3
       420	   342.557	   823.561	       3	       3
       862	   417.049	   339.688	       3	       3
       552	   760.839	    25.339	       3	       3
       881	   862.550	   581.405	       3	       3
        74	   515.751	   660.552	       3	       3
       160	   291.348	   641.455	       3	       3
       620	   215.090	     4.637	       3	       3
       830	   958.140	   599.008	       3	       3
       653	   997.802	   433.643	       3	       3
        80	   549.790	    44.326	       3	       3
       662	   747.382	   695.287	       3	       3
       305	   736.056	   526.677	       3	       3
       240	   299.906	   353.419	       3	       3
        93	   858.737	   638.447	       3	       3
       761	   342.195	   825.697	       3	       3
       186	   793.313	   896.280	       3	       3
       327	   473.951	   645.145	       3	       3
       464	   256.894	   938.754	       3	       3
       791	    95.632	   821.412	       3	       3
       174	   105.734	   153.979	       3	       3
       289	   262.925	   111.901	       3	       3
       416	   396.453	   531.240	       3	       3
       460	   740.478	   769.837	       3	       3
       644	   317.931	   770.372	       3	       3
       486	   495.554	   163.606	       3	       3
       259	   855.452	   841.024	       3	       3
       500	   991.480	   627.930	       3	       3
       361	    47.518	   854.016	       3	       3
       575	   100.038	   855.225	       3	       3
       915	   225.726	   961.306	       3	       3
       691	   358.340	   154.182	       3	       3
       451	   141.959	    46.954	       3	       3
       866	   784.811	   520.372	       3	       3
       375	   372.465	   694.684	       3	       3
       768	    61.842	    26.200	       3	       3
       743	   724.032	   413.833	       3	       3
       766	   349.729	    63.844	       3	       3
       726	   488.800	   828.218	       3	       3
       860	   707.032	   520.687	       3	       3
       372	   542.847	   934.328	       3	       3
       917	   249.791	   123.643	       3	       3
       115	   752.822	   676.788	       3	       3
        46	   427.213	   252.108	       3	       3
       122	   941.079	   451.090	       3	       3
       154	   967.517	   740.784	       3	       3
       168	    32.196	   380.151	       3	       3
       125	   478.580	   660.543	       3	       3
       628	    81.347	   591.637	       3	       3
       222	   421.842	   289.918	       3	       3
       963	   150.522	   614.350	       3	       3
       813	   556.960	   524.434	       3	       3
       435	   664.400	    73.174	       3	       3
       347	   949.377	   886.637	       3	       3
       780	   336.973	   860.658	       3	       3
       223	   508.410	   825.253	       3	       3
       103	   875.110	   156.722	       3	       3
       174	   251.200	   984.170	       3	       3
       631	   648.140	   696.303	       3	       3
       312	   164.723	   560.647	       3	       3
       858	   352.644	   182.920	       3	       3
       805	   791.257	   938.085	       3	       3
       338	    42.718	   721.671	       3	       3
       550	   633.724	   209.634	       3	       3
       652	   764.163	   113.353	       3	       3
       749	   815.824	   358.469	       3	       3
       407	   453.434	   271.148	       3	       3
       435	   711.606	   908.152	       3	       3
       899	   161.523	   497.946	       3	       3
       302	   617.359	   970.009	       3	       3
       750	   871.365	   981.170	       3	       3
       178	   882.084	   319.852	       3	       3
        28	   429.675	    34.913	       3	       3
       235	   273.736	     3.447	       3	       3
       944	   848.296	   386.105	       3	       3
       329	   252.929	   317.130	       3	       3
       509	    84.629	   339.849	       3	       3
       568	   442.701	   232.991	       3	       3
       370	   515.021	   463.512	       3	       3
       227	    64.406	   733.222	       3	       3
       122	   456.559	   360.575	       3	       3
       521	   289.386	   903.222	       3	       3
       367	   510.328	   600.965	       3	       3
       524	   405.986	   110.013	       3	       3
       108	   964.581	   170.320	       3	       3
       806	   526.782	    56.810	       3	       3
       728	   173.998	   183.927	       3	       3
       725	   366.335	   445.049	       3	       3
       452	   354.962	   179.472	       3	       3
       692	   402.277	   792.299	       3	       3
       804	   958.437	   128.429	       3	       3
       242	   977.091	   418.982	       3	       3
       927	   942.021	   672.242	       3	       3
       580	   705.621	   795.177	       3	       3
       905	    28.622	   922.552	       3	       3
       410	   408.526	   633.702	       3	       3
       998	   931.111	   789.029	       3	       3
       559	   827.084	   308.212	       3	       3
       247	   659.759	    97.491	       3	       3
       498	   259.557	   880.083	       3	       3
       244	   505.096	   908.572	       3	       3
       789	   677.517	   591.358	       3	       3
       928	   609.658	   866.578	       3	       3
       528	   496.753	   656.857	       3	       3
       106	    12.079	   882.263	       3	       3
       664	   470.816	   239.511	       3	       3
       110	   266.043	   929.316	       3	       3
       353	   694.160	   572.731	       3	       3
       213	   542.451	   119.688	       3	       3
       941	   786.911	   621.229	       3	       3
       713	   575.470	   341.617	       3	       3
       389	   699.374	   889.133	       3	       3
       554	   836.862	   925.547	       3	       3
       632	   529.454	   927.995	       3	       3
       869	   951.464	   217.857	       3	       3
       699	   312.523	   682.970	       3	       3
       900	   750.524	   722.809	       3	       3
       138	   518.354	   305.539	       3	       3
       672	    79.230	   396.758	       3	       3
       107	   300.392	   262.280	       3	       3
       464	   624.828	   449.443	       3	       3
       686	   647.319	   540.277	       3	       3
       924	    71.825	    84.920	       3	       3
       805	   396.722	    56.376	       3	       3
       678	    57.812	   489.736	       3	       3
       495	   511.597	   529.125	       3	       3
       574	   184.451	   230.138	       3	       3
       624	   744.074	   356.556	       3	       3
       508	   415.486	   658.800	       3	       3
       744	   316.162	    37.639	       3	       3
       387	   644.469	   640.989	       3	       3
       828	   648.464	   972.986	       3	       3
       824	   724.999	   331.229	       3	       3
       529	   895.496	   382.197	       3	       3
       479	   380.957	   983.189	       3	       3
       282	   471.695	    27.956	       3	       3
       753	   847.239	   670.067	       3	       3
       679	   864.218	   626.311	       3	       3
       917	   217.997	    46.373	       3	       3
       455	   625.420	   627.730	       3	       3
       792	   411.450	   655.429	       3	       3
       370	   591.436	   255.998	       3	       3
       552	   548.373	   653.847	       3	       3
       146	   297.853	   355.578	       3	       3
       178	   792.971	   945.000	       3	       3
       954	   514.763	   275.729	       3	       3
       168	   263.826	   901.993	       3	       3
       417	   645.310	   583.393	       3	       3
       460	   660.929	   696.637	       3	       3
       742	   434.488	   998.734	       3	       3
       714	   434.140	   969.467	       3	       3
       753	   179.209	    79.667	       3	       3
       150	   650.436	   270.141	       3	       3
       667	   913.288	    15.777	       3	       3
       772	    51.405	   802.751	       3	       3
       427	   734.191	   932.302	       3	       3
       532	   328.118	   539.260	       3	       3
        38	   907.629	   685.108	       3	       3
       981	    84.492	   188.605	       3	       3
       911	    55.524	   948.104	       3	       3
       859	   525.908	   989.255	       3	       3
       655	   937.509	   241.059	       3	       3
       899	   969.981	   933.678	       3	       3
        52	   234.356	   991.840	       3	       3
       608	   850.914	    77.885	       3	       3
       958	   656.932	   522.839	       3	       3
       835	   645.423	   992.581	       3	       3
       322	   855.358	   813.449	       3	       3
       600	   931.057	   533.266	       3	       3
       865	   438.093	   436.292	       3	       3
       383	    52.713	   110.914	       3	       3
       731	   547.494	   922.109	       3	       3
       916	   202.117	   520.464	       3	       3
       722	   853.310	   200.529	       3	       3
       826	   721.343	   267.091	       3	       3
       511	   931.012	   254.984	       3	       3
       797	   485.215	   937.440	       3	       3
       406	   923.396	   240.184	       3	       3
       163	   888.721	   230.884	       3	       3
       343	    89.803	   961.453	       3	       3
       794	   966.785	   282.411	       3	       3
       270	   133.981	   225.893	       3	       3
       994	   426.328	   878.791	       3	       3
       896	   858.828	   402.361	       3	       3
       677	   454.268	   203.194	       3	       3
       956	   128.900	   406.439	       3	       3
       846	   308.793	   112.937	       3	       3
       653	   470.802	   669.955	       3	       3
       708	   693.147	   747.079	       3	       3
       534	   639.273	   124.083	       3	       3
       140	   295.594	   181.477	       3	       3
       854	   348.348	   959.405	       3	       3
       362	   131.047	   293.567	       3	       3
       874	   514.817	   365.245	       3	       3
       327	   607.738	   126.943	       3	       3
       409	   205.722	   628.787	       3	       3
       366	   992.568	   117.947	       3	       3
       516	   142.178	    24.877	       3	       3
       852	   718.765	   430.441	       3	       3
       918	   647.367	    91.214	       3	       3
       924	   798.854	   604.164	       3	       3
       168	   613.725	   540.428	       3	       3
       965	   726.182	   721.109	       3	       3
       655	   536.337	   967.908	       3	       3
       154	   647.552	   959.495	       3	       3
       873	   322.653	    19.617	       3	       3
       618	   476.402	   578.768	       3	       3
       966	    26.220	   969.785	       3	       3
       437	   425.571	   550.091	       3	       3
       758	   957.837	   455.308	       3	       3
       297	   840.763	   327.922	       3	       3
       757	   932.998	   676.387	       3	       3
       621	   309.126	   908.479	       3	       3
       310	   677.620	   357.141	       3	       3
       802	   609.057	   989.722	       3	       3
       968	   204.431	   293.528	       3	       3
       857	   165.722	   238.992	       3	       3
       543	   299.627	   407.595	       3	       3
       925	   537.346	   199.126	       3	       3
       855	   340.003	   848.013	       3	       3
       555	   484.226	   400.602	       3	       3
        14	   868.370	   573.067	       3	       3
       561	   800.900	   972.860	       3	       3
       134	   546.620	   181.588	       3	       3
        77	   181.609	   724.064	       3	       3
       172	   700.848	   718.095	       3	       3
       172	   783.241	   437.009	       3	       3
        52	   440.239	   153.883	       3	       3
       856	   825.642	   227.394	       3	       3
       732	   391.217	   326.664	       3	       3
       880	   928.511	   965.601	       3	       3
        48	    50.894	   951.084	       3	       3
       388	   490.290	    20.347	       3	       3
       698	   873.173	   691.063	       3	       3
       132	   853.793	   577.906	       3	       3
       731	   796.316	   366.809	       3	       3
       520	   504.733	   540.308	       3	       3
       783	   820.747	   961.905	       3	       3
       516	   486.284	   645.408	       3	       3
       240	   847.719	   350.676	       3	       3
       229	   750.862	   613.105	       3	       3
       511	   427.643	   815.311	       3	       3
       402	   125.319	    78.899	       3	       3
       306	   474.654	   628.466	       3	       3
       207	    79.138	   645.473	       3	       3
       527	   888.156	   249.407	       3	       3
        17	    52.957	   146.811	       3	       3
       472	   839.046	   851.634	       3	       3
       815	   366.512	   665.075	       3	       3
       883	   922.317	    74.916	       3	       3
       344	   810.765	   339.262	       3	       3
       555	   879.357	   852.948	       3	       3
       549	   150.184	   351.804	       3	       3
       701	   858.762	   216.131	       3	       3
        87	   799.128	   374.210	       3	       3
        40	   611.540	   235.410	       3	       3
       949	   846.907	   513.839	       3	       3
       184	   810.181	   552.747	       3	       3
        19	   112.778	   836.140	       3	       3
       845	   411.084	   278.989	       3	       3
       781	   883.795	   430.934	       3	       3
       973	   956.684	   972.407	       3	       3
       832	   474.168	   505.126	       3	       3
       363	   267.912	   745.664	       3	       3
       969	   837.249	    53.866	       3	       3
       237	   947.571	   111.657	       3	       3
       602	   192.349	   807.226	       3	       3
       294	   105.189	   791.177	       3	       3
       687	    96.268	   444.581	       3	       3
       458	   436.896	   956.731	       3	       3
       431	   109.961	   932.114	       3	       3
       999	   571.274	   435.432	       3	       3
       412	   325.464	    94.221	       3	       3
       344	   104.100	   901.445	       3	       3
       369	   636.677	   312.183	       3	       3
       464	   677.059	   207.040	       3	       3
       998	   589.997	   293.815	       3	       3
        62	   403.023	   678.331	       3	       3
       404	   967.264	   758.387	       3	       3
       938	   201.434	   389.312	       3	       3
       824	   504.989	   209.132	       3	       3
        73	   276.423	   429.440	       3	       3
       645	   828.290	   363.469	       3	       3
       743	   243.538	   932.161	       3	       3
       668	    47.570	   326.464	       3	       3
       942	   141.115	   242.711	       3	       3
       167	    82.199	   641.302	       3	       3
       514	   335.551	   310.224	       3	       3
        49	   421.406	   267.737	       3	       3
       806	   705.305	   678.964	       3	       3
       576	   129.384	   723.985	       3	       3
        39	   780.924	     2.543	       3	       3
       193	   261.559	   407.674	       3	       3
       369	   122.429	   273.768	       3	       3
       356	   980.042	   482.490	       3	       3
       933	   499.203	    39.938	       3	       3
       966	   224.212	   476.803	       3	       3
       884	   282.313	   735.390	       3	       3
       406	   981.992	   585.140	       3	       3
       155	   782.339	    53.247	       3	       3
        81	     6.607	    89.391	       3	       3
       613	     9.273	   707.291	       3	       3
       913	   514.514	   838.549	       3	       3
       390	   397.832	    52.222	       3	       3
       477	   199.675	   418.510	       3	       3
       194	   450.026	   141.072	       3	       3
       573	   116.076	   472.107	       3	       3
       938	   177.306	   332.300	       3	       3
       726	   669.736	   818.769	       3	       3
       584	   689.406	   806.052	       3	       3
       112	   242.512	   579.162	       3	       3
       189	   342.127	   742.187	       3	       3
       618	   809.564	   892.701	       3	       3
       552	   806.592	   836.369	       3	       3
       160	   550.979	   526.489	       3	       3
       271	   290.738	   518.648	       3	       3
       485	   981.390	   715.017	       3	       3
       105	   423.094	   433.478	       3	       3
       371	   700.061	   527.981	       3	       3
       416	   867.988	   456.383	       3	       3
       726	   972.268	   858.731	       3	       3
       126	   199.411	   841.778	       3	       3
       375	   110.286	   418.333	       3	       3
        32	   487.126	   417.528	       3	       3
       412	   562.050	     2.468	       3	       3
       231	     0.589	    20.268	       3	       3
       295	   565.125	   174.483	       3	       3
        28	   133.773	   787.798	       3	       3
        62	   289.887	    50.427	       3	       3
       132	   980.895	   943.963	       3	       3
       553	   887.493	   533.641	       3	       3
       315	   943.091	   133.554	       3	       3
       748	    58.137	    67.048	       3	       3
       477	   599.987	   407.989	       3	       3
       387	    70.685	   962.684	       3	       3
       743	   354.935	   278.237	       3	       3
       183	   722.448	   699.964	       3	       3
       757	    76.527	   632.462	       3	       3
       957	   429.816	   892.062	       3	       3
       352	   379.116	    70.274	       3	       3
       793	   415.930	   558.849	       3	       3
       209	   619.116	   675.219	       3	       3
       698	   642.831	   971.098	       3	       3
       422	   360.942	   687.511	       3	       3
       733	   888.396	    53.675	       3	       3
       805	   264.154	   997.346	       3	       3
       821	    64.193	   888.042	       3	       3
       157	   142.168	   367.252	       3	       3
       601	   275.837	   424.414	       3	       3
       848	   572.087	   193.713	       3	       3
       354	   249.483	   218.336	       3	       3
       224	   183.761	   538.059	       3	       3
       533	   949.072	   564.966	       3	       3
       239	   952.347	   573.435	       3	       3
       459	   107.123	   543.635	       3	       3
       615	   629.883	   667.886	       3	       3
       281	   267.595	   381.610	       3	       3
       701	    75.623	   976.935	       3	       3
       864	   314.096	   249.753	       3	       3
       567	   659.667	   811.196	       3	       3
       381	    86.968	   330.505	       3	       3
       457	   567.401	   214.598	       3	       3
       948	   515.294	   971.214	       3	       3
       672	   283.744	   252.230	       3	       3
       119	   418.412	   975.413	       3	       3
       625	   502.573	   479.469	       3	       3
       476	   552.711	    26.643	       3	       3
       178	   395.849	   423.307	       3	       3
       694	   707.805	   741.477	       3	       3
       922	   871.361	   175.862	       3	       3
       283	   686.625	   341.959	       3	       3
       885	   939.200	   843.790	       3	       3
       610	     8.124	   665.648	       3	       3
       240	   363.740	   517.715	       3	       3
       906	   657.523	   607.104	       3	       3
       250	   453.272	   775.850	       3	       3
       363	   769.096	   956.531	       3	       3
        92	   975.339	   906.090	       3	       3
       897	   338.841	   162.270	       3	       3
       977	   908.509	   974.128	       3	       3
       510	   589.315	   850.944	       3	       3
        24	   489.048	   666.790	       3	       3
       686	    23.370	   693.631	       3	       3
        36	   332.129	   996.609	       3	       3
       938	   633.490	   185.606	       3	       3
       907	   673.414	    60.280	       3	       3
       954	   628.201	   637.513	       3	       3
       354	   463.466	   947.164	       3	       3
       511	   156.275	   882.980	       3	       3
        32	    47.912	   254.099	       3	       3
       812	   501.252	   952.649	       3	       3
       872	   661.734	    18.881	       3	       3
       543	   711.355	   813.695	       3	       3
       206	   687.520	   180.964	       3	       3
       973	   573.646	   100.815	       3	       3
       698	   624.237	   182.520	       3	       3
       128	   209.384	   604.706	       3	       3
       156	   156.337	   857.526	       3	       3
       363	    27.721	   172.776	       3	       3
       661	   175.714	   830.622	       3	       3
       661	   974.876	   333.634	       3	       3
       387	   265.282	   608.243	       3	       3
       446	   109.977	   860.859	       3	       3
       854	   711.258	   229.541	       3	       3
       590	   535.261	   814.661	       3	       3
       183	   784.192	   712.751	       3	       3
       202	   419.625	   372.718	       3	       3
        99	   773.089	   920.780	       3	       3
       562	   104.730	   736.042	       3	       3
       785	   760.038	   324.260	       3	       3
       785	   505.968	    48.982	       3	       3
       256	   313.654	   523.625	       3	       3
       299	   912.880	   847.341	       3	       3
       580	   424.982	   893.126	       3	       3
       273	   762.189	   569.424	       3	       3
       172	   628.384	   657.226	       3	       3
       142	   739.264	   654.858	       3	       3
       399	   823.002	   172.446	       3	       3
       967	   283.794	   901.985	       3	       3
       128	   973.974	   874.743	       3	       3
       881	   431.977	   733.406	       3	       3
       188	   116.698	   722.111	       3	       3
       598	   219.891	   277.042	       3	       3
       439	   216.455	   407.661	       3	       3
       264	   384.596	   200.849	       3	       3
       362	   931.902	   784.544	       3	       3
       927	   289.673	   913.366	       3	       3
       124	   285.178	   794.966	       3	       3
       391	   492.361	   182.099	       3	       3
       102	    66.699	   186.818	       3	       3
       337	   596.993	   628.545	       3	       3
       742	   796.458	    13.631	       3	       3
       761	     4.104	    93.254	       3	       3
       675	    34.540	   620.388	       3	       3
       499	   683.400	   427.815	       3	       3
       257	   697.623	   182.626	       3	       3
       875	   856.930	   636.744	       3	       3
        11	   420.504	   289.520	       3	       3
       279	   178.065	   862.741	       3	       3
       126	   838.066	   606.630	       3	       3
        48	    27.818	   461.327	       3	       3
       223	   100.292	   573.415	       3	       3
       421	   852.541	   808.041	       3	       3
       688	   702.852	   957.269	       3	       3
       990	   481.449	   259.632	       3	       3
       171	   394.266	   401.345	       3	       3
       779	   886.776	   885.140	       3	       3
       425	   447.222	   268.668	       3	       3
       255	   332.246	   672.763	       3	       3
       123	   576.456	   377.594	       3	       3
       636	   233.596	   132.290	       3	       3
       304	   739.740	    77.728	       3	       3
        38	   543.689	   703.802	       3	       3
       725	   731.437	   502.205	       3	       3
       636	   602.279	   837.651	       3	       3
       877	   994.822	   652.923	       3	       3
        41	   221.667	    43.164	       3	       3
       189	   774.740	   157.168	       3	       3
        76	   901.609	   923.561	       3	       3
       845	   215.363	   635.265	       3	       3
       938	   595.704	   581.288	       3	       3
       852	   361.323	   209.407	       3	       3
       938	   915.302	    26.697	       3	       3
       783	   810.293	   936.848	       3	       3
        10	   934.159	   458.968	       3	       3
       943	   500.037	   908.642	       3	       3
       376	   293.004	     3.378	       3	       3
       850	   905.736	   587.592	       3	       3
       437	   367.601	   741.554	       3	       3
       374	   407.425	   411.089	       3	       3
       802	   144.289	   480.495	       3	       3
       154	   885.650	   729.246	       3	       3
       391	   665.384	   108.437	       3	       3
       874	   183.679	   730.384	       3	       3
       234	   584.050	   459.615	       3	       3
       307	   451.936	   879.154	       3	       3
       162	   937.202	   674.212	       3	       3
       287	   421.833	    57.593	       3	       3
       933	   438.539	   156.125	       3	       3
        56	   801.388	   621.267	       3	       3
       301	    15.728	   572.743	       3	       3
       328	   814.827	   180.811	       3	       3
        78	   946.633	   115.153	       3	       3
       328	   399.343	   864.530	       3	       3
       903	   908.381	   280.984	       3	       3
       554	    95.393	   958.820	       3	       3
       259	   545.744	   810.169	       3	       3
        55	   449.326	    36.100	       3	       3
       866	   607.551	   400.486	       3	       3
       368	   542.902	     3.111	       3	       3
       381	   692.072	   179.699	       3	       3
       948	   767.433	   462.116	       3	       3
        67	   372.045	   127.719	       3	       3
       675	   358.635	    20.288	       3	       3
       810	   560.150	    45.167	       3	       3
       370	   978.424	   901.700	       3	       3
        43	   468.966	   780.172	       3	       3
       512	   133.405	   979.176	       3	       3
       656	   968.443	   741.754	       3	       3
       203	   188.647	   415.578	       3	       3
       317	   592.657	   739.337	       3	       3
       553	   769.621	   378.213	       3	       3
       401	   419.255	   503.757	       3	       3
       261	   860.250	    44.398	       3	       3
       151	   492.235	   309.286	       3	       3
       137	   481.535	   978.143	       3	       3
       397	   201.684	   214.181	       3	       3
       422	   642.861	    15.559	       3	       3
       665	   125.066	   600.028	       3	       3
       807	   784.726	   251.714	       3	       3
       588	   321.274	   740.115	       3	       3
       761	   268.503	   245.000	       3	       3
        71	   164.909	   426.004	       3	       3
       733	   891.836	   458.979	       3	       3
       106	   967.635	   842.621	       3	       3
       580	    85.671	   906.590	       3	       3
       988	   256.432	   636.995	       3	       3
       754	   360.758	   139.836	       3	       3
       516	   643.577	   548.725	       3	       3
       940	   277.986	   796.258	       3	       3
       808	   334.087	   100.977	       3	       3
       195	   493.833	    43.990	       3	       3
       106	   269.654	   166.575	       3	       3
       955	   485.966	   526.583	       3	       3
       518	   543.139	   458.438	       3	       3
       824	     5.094	    90.358	       3	       3
       349	   342.602	   199.945	       3	       3
       819	   289.147	   821.204	       3	       3
       286	   161.110	   228.133	       3	       3
       514	   201.083	   593.225	       3	       3
        50	   665.198	    86.627	       3	       3
       898	   861.596	   927.408	       3	       3
       520	   833.676	   701.465	       3	       3
       120	   356.240	   412.517	       3	       3
       444	   505.150	   831.616	       3	       3
       512	   402.748	   511.942	       3	       3
       142	   854.438	   965.064	       3	       3
       275	   965.905	   630.966	       3	       3
       134	   730.895	   133.817	       3	       3
       394	   614.601	   391.434	       3	       3
       228	   396.064	   946.105	       3	       3
       415	   269.695	   998.806	       3	       3
       517	   558.832	   150.441	       3	       3
        84	   722.481	   290.458	       3	       3
       159	   977.109	    95.207	       3	       3
       256	   690.970	   646.594	       3	       3
       427	   309.313	   546.525	       3	       3
       897	   173.766	   888.924	       3	       3
       176	   124.262	   699.004	       3	       3
       815	   920.683	   779.638	       3	       3
       565	   916.352	   467.625	       3	       3
       113	   925.379	   351.229	       3	       3
       555	    62.755	   300.973	       3	       3
       105	   114.677	   542.014	       3	       3
       435	    13.448	   729.599	       3	       3
       209	   937.719	   496.025	       3	       3
        79	   989.964	     9.994	       3	       3
       720	   981.998	   591.605	       3	       3
        33	   584.995	   817.003	       3	       3
   750.821	   413.529
   191.349	   898.111
   354.490	   749.731
   502.686	   564.324
   550.342	   793.689
   607.421	   176.523
   433.020	    93.145
   876.978	   907.357
   369.799	   650.582
   871.540	   952.534
   256.092	   394.986
   998.183	   118.369
   155.628	   691.406
   536.637	    60.063
   564.307	   367.380
   214.359	   440.985
   198.680	   525.095
   569.785	   725.783
   290.621	   513.492
   951.389	   763.253
   926.523	   719.456
   202.262	   599.044
   458.121	   943.098
   597.031	    86.544
   633.001	   249.778
   359.331	   305.202
   833.069	   942.441
   474.165	   618.880
   441.284	   595.100
   118.371	   185.640
   595.781	    31.257
   548.715	   229.588
   112.226	   682.992
   350.742	   490.428
   897.678	   544.370
   576.554	   681.547
   792.084	   994.478
   398.468	   342.794
   992.116	   238.721
    59.767	   479.100
   131.363	   968.769
     8.932	   920.512
   964.068	   160.831
   952.281	   846.448
   687.188	   433.059
   585.404	   445.745
   675.471	   609.071
   469.138	   245.224
   677.538	   542.425
   738.306	   876.233
   253.806	   509.231
   980.544	   564.413
   420.762	   784.680
   663.618	   642.894
   303.899	   675.240
   278.285	    69.329
   518.474	   891.867
   693.370	   361.596
   438.426	   751.179
   218.732	   426.481
   490.908	   120.724
   988.593	   799.031
   902.334	    87.441
   871.679	   966.522
   878.440	   825.295
   498.219	   974.609
    43.784	   756.269
   135.262	   520.154
   528.870	   679.541
   904.231	   840.073
   298.153	   497.969
   341.260	   397.147
   391.117	   611.517
   602.514	   144.967
   242.783	   468.576
   679.359	    67.027
    80.480	   359.119
   150.949	   240.045
   923.645	   181.669
   345.009	   882.662
   775.927	   313.215
   231.664	   226.220
   956.007	   938.529
    91.489	   112.581
    77.523	   855.819
   796.046	   928.708
   477.460	   556.075
    21.840	   202.363
   300.534	   159.752
   261.030	   384.077
   821.301	   975.401
   701.980	   502.989
   416.488	   591.450
   856.802	   508.903
   443.683	   272.861
    55.491	   655.339
   859.701	   515.924
    19.143	   620.604
   396.863	   232.585
   717.090	   591.719
    73.366	   349.241
   698.827	   628.265
   914.929	   192.808
   770.180	   780.519
   670.264	   167.712
   571.087	   452.809
   302.325	     1.350
   567.024	   615.938
   195.739	    12.462
   311.992	   114.799
