1000	400	40	2000	
        47	   275.470	    91.702	       1	       1
       245	    51.641	   318.550	       1	       1
       918	   138.715	   146.180	       1	       1
        82	   778.638	   620.774	       1	       1
       777	   178.053	   949.845	       1	       1
       915	   583.439	   660.961	       1	       1
       725	   928.124	   500.221	       1	       1
       655	   107.664	   344.814	       1	       1
       857	   452.644	   503.870	       1	       1
       970	   155.993	   632.200	       1	       1
       154	   304.211	   396.585	       1	       1
       139	   764.124	   924.608	       1	       1
       982	   626.922	   845.589	       1	       1
       593	   711.095	   530.862	       1	       1
       759	   193.461	   840.514	       1	       1
       518	    68.431	    97.623	       1	       1
       400	   879.656	   741.840	       1	       1
       291	   319.849	   191.426	       1	       1
       188	   604.480	   402.084	       1	       1
       286	   955.210	   205.596	       1	       1
       264	   415.792	   318.218	       1	       1
       367	   195.892	    68.504	       1	       1
       924	   166.028	   353.148	       1	       1
       478	   624.807	   965.809	       1	       1
       917	    56.294	     4.045	       1	       1
       262	   328.553	   701.712	       1	       1
       500	   980.412	   339.001	       1	       1
       678	   771.597	   330.174	       1	       1
       935	   209.332	   644.005	       1	       1
       408	   585.282	   884.097	       1	       1
       572	   439.788	   141.051	       1	       1
       590	   613.554	   893.876	       1	       1
       225	   319.971	   727.236	       1	       1
       993	   111.900	   439.905	       1	       1
       763	   313.015	   932.409	       1	       1
       513	   993.938	   814.807	       1	       1
       488	   165.774	   367.257	       1	       1
       874	   462.920	    93.098	       1	       1
        96	   635.517	   414.153	       1	       1
       151	    37.088	   765.158	       1	       1
       403	   253.274	   198.219	       1	       1
        17	   870.213	   626.354	       1	       1
       329	   139.631	   334.587	       1	       1
       839	    18.071	   853.122	       1	       1
       544	   689.714	   885.525	       1	       1
       323	   871.078	   181.401	       1	       1
       523	   355.508	   477.810	       1	       1
       906	   396.799	   208.879	       1	       1
       326	   862.912	    52.994	       1	       1
       219	   932.257	   556.400	       1	       1
       274	   450.759	   164.169	       1	       1
       738	   974.991	   164.692	       1	       1
       663	   697.937	   378.546	       1	       1
       637	   753.610	   941.978	       1	       1
       441	   577.774	   405.732	       1	       1
       643	   134.606	   420.113	       1	       1
       466	   807.699	   828.591	       1	       1
       552	   104.669	    75.623	       1	       1
        81	   335.511	   314.055	       1	       1
       397	   564.364	    33.659	       1	       1
       464	   622.589	   482.108	       1	       1
       927	   458.101	   398.843	       1	       1
       571	   812.855	   680.178	       1	       1
       323	   248.261	   174.822	       1	       1
       525	   422.766	   472.051	       1	       1
       974	   805.611	   890.457	       1	       1
       802	   548.123	   811.468	       1	       1
       507	   247.527	   672.722	       1	       1
        53	    10.772	   512.896	       1	       1
       598	   246.920	   959.983	       1	       1
        36	   249.870	   516.363	       1	       1
       830	   615.763	   642.790	       1	       1
       346	   261.934	   552.043	       1	       1
       631	   524.276	   111.141	       1	       1
       893	   380.255	   850.188	       1	       1
       307	    36.090	   264.490	       1	       1
       476	   843.606	   952.747	       1	       1
        25	   449.966	   152.327	       1	       1
        74	   976.481	   677.018	       1	       1
       206	    57.447	   336.087	       1	       1
        35	   163.089	   630.067	       1	       1
       377	   182.594	   233.357	       1	       1
       748	   541.293	     6.128	       1	       1
       481	   272.699	   753.324	       1	       1
       913	   493.268	   923.370	       1	       1
       292	   733.943	   971.846	       1	       1
       675	   184.755	   597.557	       1	       1
       626	   920.697	   690.291	       1	       1
        32	   660.063	   874.498	       1	       1
       787	   690.075	   743.766	       1	       1
       717	   168.086	   166.072	       1	       1
       136	   685.754	   741.936	       1	       1
       289	   601.804	   406.053	       1	       1
       391	   654.961	   728.876	       1	       1
       366	   517.694	   868.040	       1	       1
       165	    69.485	   541.081	       1	       1
       943	   473.837	   798.150	       1	       1
       323	   484.744	   466.716	       1	       1
       605	   617.898	   948.939	       1	       1
       176	   100.721	   688.943	       1	       1
       658	    28.270	   728.708	       1	       1
       298	    67.969	   414.960	       1	       1
       428	   375.883	   192.278	       1	       1
       788	   772.834	   667.838	       1	       1
       289	   407.131	   477.884	       1	       1
       665	   934.955	   875.138	       1	       1
       761	   532.677	   839.541	       1	       1
        97	   446.410	   582.397	       1	       1
       803	   328.819	    73.469	       1	       1
       977	   344.065	   651.541	       1	       1
       253	    47.464	   640.005	       1	       1
       358	   448.608	   717.651	       1	       1
       596	   903.231	   384.170	       1	       1
       200	   881.428	   618.845	       1	       1
       312	   812.956	   375.461	       1	       1
       938	   960.228	   819.592	       1	       1
       738	   306.551	   349.813	       1	       1
       161	   928.267	   447.773	       1	       1
       705	    44.928	   552.313	       1	       1
       331	   360.133	   341.949	       1	       1
       379	    76.018	   769.699	       1	       1
       855	   925.426	   571.389	       1	       1
       781	   338.023	   266.249	       1	       1
       906	   790.980	   946.407	       1	       1
       263	   749.122	     7.940	       1	       1
       471	   465.830	   620.615	       1	       1
       784	    82.326	   285.585	       1	       1
       574	   199.965	    38.130	       1	       1
       479	    76.169	   651.262	       1	       1
       464	   892.464	   833.514	       1	       1
       524	   720.971	   652.219	       1	       1
       598	   447.687	   896.162	       1	       1
       997	   576.449	   300.183	       1	       1
       159	   201.467	    92.336	       1	       1
       725	   720.518	   541.115	       1	       1
       273	   847.344	   837.529	       1	       1
        87	   568.554	   637.462	       1	       1
       722	   606.442	   139.583	       1	       1
        85	   900.273	   323.617	       1	       1
       342	   893.316	   784.836	       1	       1
        53	   600.380	   996.910	       1	       1
       542	   784.025	   993.470	       1	       1
       552	   788.337	   932.461	       1	       1
       558	   980.759	   947.563	       1	       1
       881	   686.563	   446.382	       1	       1
       785	   919.947	   393.625	       1	       1
       823	    69.396	   487.781	       1	       1
       974	   531.458	    56.050	       1	       1
       579	   584.100	   232.098	       1	       1
       762	   386.633	   852.184	       1	       1
       518	   261.260	   618.413	       1	       1
       220	   449.316	   647.788	       1	       1
       106	   547.591	   541.199	       1	       1
       279	   845.923	   579.241	       1	       1
        20	   815.795	   272.298	       1	       1
       289	   261.264	   493.350	       1	       1
       902	   982.056	    10.746	       1	       1
       859	   928.058	   462.825	       1	       1
       913	   335.672	   532.491	       1	       1
       899	   704.562	   825.876	       1	       1
       162	   649.134	    95.327	       1	       1
       724	   208.791	   385.143	       1	       1
       486	   744.471	   271.620	       1	       1
       670	   977.718	   240.135	       1	       1
       426	   415.604	   969.947	       1	       1
       150	    91.558	   423.933	       1	       1
       203	   261.298	   312.406	       1	       1
       616	   228.855	   363.784	       1	       1
       582	   831.441	   629.682	       1	       1
       499	   526.814	   558.140	       1	       1
       162	    32.700	   172.219	       1	       1
       348	   760.843	   690.400	       1	       1
       893	   423.374	   843.699	       1	       1
       875	   177.009	   165.255	       1	       1
       140	   701.239	   622.440	       1	       1
       502	   597.598	   954.767	       1	       1
       742	   275.584	   151.469	       1	       1
       625	    61.840	   666.596	       1	       1
       876	   704.884	   358.323	       1	       1
       276	   358.194	   855.958	       1	       1
       704	   723.237	   207.081	       1	       1
       874	   526.975	   814.098	       1	       1
       499	    94.942	   922.567	       1	       1
       860	   356.454	   367.040	       1	       1
       480	   909.984	   515.320	       1	       1
       208	   178.666	    45.114	       1	       1
       716	   192.428	    11.891	       1	       1
       337	   201.307	   892.387	       1	       1
       186	   122.154	   436.937	       1	       1
       576	   629.671	   947.162	       1	       1
        25	   949.955	   535.231	       1	       1
       911	    40.095	   553.048	       1	       1
       411	   464.233	   522.636	       1	       1
       180	    69.703	   369.877	       1	       1
        30	   593.844	   533.532	       1	       1
       640	   598.580	   854.367	       1	       1
       954	   350.454	   881.260	       1	       1
       288	   261.992	   963.449	       1	       1
       495	   313.324	   605.327	       1	       1
       919	   904.910	   747.137	       1	       1
       636	   404.988	   783.161	       1	       1
       619	   706.368	   250.211	       1	       1
       703	   550.539	   853.484	       1	       1
       862	   450.138	   945.831	       1	       1
        20	   462.996	   541.258	       1	       1
       106	   103.300	   928.579	       1	       1
       193	   950.032	   519.199	       1	       1
       327	   125.496	   240.145	       1	       1
       578	   131.214	   385.910	       1	       1
       739	   160.427	   311.033	       1	       1
       415	   870.082	   487.444	       1	       1
       241	   987.102	   870.256	       1	       1
       106	   938.849	   290.413	       1	       1
       515	   382.036	   739.327	       1	       1
       989	   482.247	   995.986	       1	       1
        35	   669.888	   513.660	       1	       1
       507	   812.798	   953.688	       1	       1
       920	   918.039	   198.189	       1	       1
       151	    87.660	   416.902	       1	       1
       222	   128.513	   374.462	       1	       1
       638	   735.464	   961.890	       1	       1
       821	   962.871	   902.685	       1	       1
       656	   567.131	   603.098	       1	       1
       727	   947.215	   431.019	       1	       1
       706	   856.924	   630.266	       1	       1
       965	   703.499	   479.848	       1	       1
       921	   180.116	   410.703	       1	       1
       546	   619.334	   223.998	       1	       1
       147	   558.079	   723.057	       1	       1
       460	    62.509	   596.287	       1	       1
       209	   439.119	   608.689	       1	       1
       831	   859.965	   384.515	       1	       1
       335	    10.628	   234.968	       1	       1
       430	    85.160	   387.568	       1	       1
       879	   428.749	   970.931	       1	       1
       770	   587.465	   483.592	       1	       1
        31	   859.552	   411.935	       1	       1
       306	   614.593	   562.341	       1	       1
        87	   532.419	   843.867	       1	       1
       229	   836.449	   217.130	       1	       1
       699	   744.061	   495.631	       1	       1
       379	   327.867	   297.404	       1	       1
       313	   244.692	   729.098	       1	       1
       471	   654.546	   806.281	       1	       1
       434	   608.783	   481.092	       1	       1
       472	    68.068	   339.826	       1	       1
       567	   386.599	   516.898	       1	       1
       865	   536.384	    73.683	       1	       1
       666	   892.901	   356.447	       1	       1
       934	   939.331	   712.042	       1	       1
       244	   218.100	   188.752	       1	       1
       567	   561.832	   515.897	       1	       1
       461	   134.154	   108.944	       1	       1
       894	   708.817	   164.300	       1	       1
       332	   153.213	   250.707	       1	       1
       984	     2.547	   475.795	       1	       1
       312	    14.004	   473.108	       1	       1
       394	   217.611	   168.963	       1	       1
       423	   904.846	    11.189	       1	       1
        73	    63.271	   334.543	       1	       1
       853	   292.299	   660.902	       1	       1
       557	   145.026	   156.202	       1	       1
       959	   651.545	   679.616	       1	       1
       487	   143.707	   106.227	       1	       1
       555	   310.968	   911.336	       1	       1
       652	   954.782	   753.362	       1	       1
       478	   917.505	   928.751	       1	       1
       605	   848.547	   978.264	       1	       1
        58	   525.272	   645.587	       1	       1
       832	    96.774	   325.914	       1	       1
       298	   146.325	   198.861	       1	       1
       263	   415.103	   972.868	       1	       1
       678	   524.872	   477.555	       1	       1
        65	   282.037	   572.123	       1	       1
       732	   262.218	   704.871	       1	       1
       297	   456.978	   724.279	       1	       1
        38	   396.003	    39.911	       1	       1
       232	   729.957	   227.406	       1	       1
       340	     6.008	    30.724	       1	       1
       146	   613.720	   107.026	       1	       1
       119	    31.197	   825.528	       1	       1
       621	    62.710	    18.007	       1	       1
        42	   257.612	   573.074	       1	       1
       530	   591.889	   956.520	       1	       1
       606	    88.207	   794.734	       1	       1
       983	   861.043	    76.726	       1	       1
       572	    72.465	   967.016	       1	       1
       601	   328.781	   712.773	       1	       1
       179	   810.570	   652.521	       1	       1
       842	   933.149	   332.038	       1	       1
       630	   246.993	   953.525	       1	       1
       221	   554.556	   163.647	       1	       1
        34	   560.480	   632.159	       1	       1
       123	   477.248	   832.931	       1	       1
       798	   449.832	   359.049	       1	       1
        54	   935.863	   377.031	       1	       1
       281	   390.073	   910.291	       1	       1
       680	    46.876	   299.890	       1	       1
       485	   255.708	   801.556	       1	       1
       920	   432.552	   756.888	       1	       1
       509	   294.153	   628.658	       1	       1
       797	   541.572	   279.640	       1	       1
       261	   760.635	   878.123	       1	       1
       676	   906.792	   242.994	       1	       1
       245	   771.671	   493.277	       1	       1
        96	   564.868	   121.104	       1	       1
       401	   171.437	   190.876	       1	       1
       749	   425.665	   365.411	       1	       1
        63	   749.197	   535.522	       1	       1
       441	    32.961	   379.525	       1	       1
       888	   482.098	   211.770	       1	       1
       454	   521.726	   873.120	       1	       1
       765	   537.513	   902.311	       1	       1
       300	   163.177	   817.320	       1	       1
       110	   638.078	   645.938	       1	       1
       750	   236.199	   405.645	       1	       1
       810	   156.810	   245.087	       1	       1
       925	   388.616	   682.315	       1	       1
       461	   502.657	   706.924	       1	       1
       802	   165.633	    68.679	       1	       1
       733	   556.938	   479.316	       1	       1
       239	   810.447	   565.157	       1	       1
       616	   136.345	   781.353	       1	       1
       176	   775.352	   948.700	       1	       1
       697	   982.249	   238.628	       1	       1
       241	   942.545	   958.488	       1	       1
       911	   339.231	   375.098	       1	       1
        89	   693.087	   253.788	       1	       1
       585	   662.162	   237.689	       1	       1
       891	   827.978	   453.273	       1	       1
        97	   846.496	   115.912	       1	       1
       426	   555.046	   432.047	       1	       1
       820	   673.246	    55.984	       1	       1
       724	   498.583	   561.056	       1	       1
       716	     7.978	   667.563	       1	       1
       738	   712.066	   116.971	       1	       1
       748	   508.476	    23.496	       1	       1
       680	   190.539	   530.587	       1	       1
       667	   861.092	   377.143	       1	       1
       334	   813.734	   283.464	       1	       1
       842	   721.225	   391.901	       1	       1
       198	    60.331	   393.573	       1	       1
       510	    10.678	   528.843	       1	       1
       216	   982.796	   113.213	       1	       1
       155	   608.310	   155.901	       1	       1
       177	     1.182	   148.684	       1	       1
       173	   471.005	   365.999	       1	       1
       475	   538.985	   403.700	       1	       1
       678	   561.326	   109.730	       1	       1
       672	   922.110	   314.803	       1	       1
       816	   650.901	   317.095	       1	       1
       691	    63.536	     3.584	       1	       1
       468	   305.026	   403.359	       1	       1
       727	   491.718	   423.415	       1	       1
       336	   411.547	   832.078	       1	       1
       675	   317.865	   101.284	       1	       1
       240	   488.282	    77.654	       1	       1
       250	    62.716	   208.844	       1	       1
        58	   113.297	   839.229	       1	       1
       700	   948.837	   551.439	       1	       1
       968	   751.886	   848.709	       1	       1
       310	   101.407	   854.037	       1	       1
       627	   584.938	   114.296	       1	       1
       192	   907.533	   373.108	       1	       1
       266	   643.294	   271.373	       1	       1
       352	   664.543	   489.940	       1	       1
       513	   225.004	   309.767	       1	       1
       794	    81.448	   894.357	       1	       1
       285	    90.988	   526.817	       1	       1
       787	     3.844	   981.139	       1	       1
       634	   957.428	   805.208	       1	       1
       742	    64.792	   846.722	       1	       1
        61	   764.933	   793.065	       1	       1
       889	   545.755	   911.330	       1	       1
       148	   499.811	   580.494	       1	       1
       133	    87.548	   690.739	       1	       1
       334	    13.014	   669.112	       1	       1
       417	    64.872	   920.790	       1	       1
       280	     9.319	   383.734	       1	       1
       713	   972.104	   193.685	       1	       1
       543	   148.840	    77.116	       1	       1
       184	   599.692	   756.523	       1	       1
       390	   411.833	   564.065	       1	       1
       141	   737.848	   965.026	       1	       1
       450	   636.540	   641.150	       1	       1
       866	   920.947	   438.466	       1	       1
       218	   674.172	   572.820	       1	       1
       952	   228.418	   622.848	       1	       1
       576	   436.192	   493.383	       1	       1
       985	   511.046	   998.510	       1	       1
       593	   971.720	   934.560	       1	       1
       518	     2.559	   509.023	       1	       1
       536	    64.839	   714.718	       1	       1
       727	   846.513	   269.516	       1	       1
       153	   945.479	   551.574	       1	       1
       419	   766.003	   636.899	       1	       1
       831	   651.160	   539.738	       1	       1
       734	   815.088	   572.842	       1	       1
       515	     2.297	   821.770	       1	       1
       964	   252.872	   908.898	       1	       1
       991	   330.269	   580.155	       1	       1
       636	   100.652	   481.769	       1	       1
       760	   645.129	   751.256	       1	       1
       935	   825.311	   218.877	       1	       1
       566	   355.245	   330.778	       1	       1
        47	   216.428	   317.903	       1	       1
       160	   475.496	   632.888	       1	       1
       485	   223.543	    16.138	       1	       1
       448	   367.363	   997.628	       1	       1
       342	   738.999	   550.802	       1	       1
       534	   460.742	   172.267	       1	       1
       386	    71.300	   165.106	       1	       1
       325	   335.148	   228.521	       1	       1
       932	   610.065	   156.496	       1	       1
       982	   702.423	   875.059	       1	       1
       977	   869.807	   518.377	       1	       1
       737	     5.511	   322.357	       1	       1
       433	   298.707	   247.928	       1	       1
       647	   749.143	   521.059	       1	       1
        53	   863.316	   653.188	       1	       1
       470	   896.700	   891.293	       1	       1
       892	   399.194	   767.755	       1	       1
       816	   438.245	   368.928	       1	       1
       613	   387.023	   350.007	       1	       1
       634	   225.082	   427.529	       1	       1
       263	   147.680	    16.297	       1	       1
       847	     2.587	   220.819	       1	       1
       748	   766.219	   511.462	       1	       1
       427	   979.577	   788.310	       1	       1
       181	   826.033	   185.023	       1	       1
       420	   185.735	   545.828	       1	       1
       706	   762.506	   798.195	       1	       1
       975	   189.207	   326.101	       1	       1
       595	   340.227	   176.669	       1	       1
       318	   608.595	   543.956	       1	       1
       611	   689.795	   717.550	       1	       1
       549	   388.097	   252.148	       1	       1
        53	   269.398	   705.388	       1	       1
        11	   944.259	   295.237	       1	       1
       348	   304.447	   311.737	       1	       1
       137	   584.530	   650.163	       1	       1
       616	   424.555	   415.066	       1	       1
       420	   342.557	   823.561	       1	       1
       862	   417.049	   339.688	       1	       1
       552	   760.839	    25.339	       1	       1
       881	   862.550	   581.405	       1	       1
        74	   515.751	   660.552	       1	       1
       160	   291.348	   641.455	       1	       1
       620	   215.090	     4.637	       1	       1
       830	   958.140	   599.008	       1	       1
       653	   997.802	   433.643	       1	       1
        80	   549.790	    44.326	       1	       1
       662	   747.382	   695.287	       1	       1
       305	   736.056	   526.677	       1	       1
       240	   299.906	   353.419	       1	       1
        93	   858.737	   638.447	       1	       1
       761	   342.195	   825.697	       1	       1
       186	   793.313	   896.280	       1	       1
       327	   473.951	   645.145	       1	       1
       464	   256.894	   938.754	       1	       1
       791	    95.632	   821.412	       1	       1
       174	   105.734	   153.979	       1	       1
       289	   262.925	   111.901	       1	       1
       416	   396.453	   531.240	       1	       1
       460	   740.478	   769.837	       1	       1
       644	   317.931	   770.372	       1	       1
       486	   495.554	   163.606	       1	       1
       259	   855.452	   841.024	       1	       1
       500	   991.480	   627.930	       1	       1
       361	    47.518	   854.016	       1	       1
       575	   100.038	   855.225	       1	       1
       915	   225.726	   961.306	       1	       1
       691	   358.340	   154.182	       1	       1
       451	   141.959	    46.954	       1	       1
       866	   784.811	   520.372	       1	       1
       375	   372.465	   694.684	       1	       1
       768	    61.842	    26.200	       1	       1
       743	   724.032	   413.833	       1	       1
       766	   349.729	    63.844	       1	       1
       726	   488.800	   828.218	       1	       1
       860	   707.032	   520.687	       1	       1
       372	   542.847	   934.328	       1	       1
       917	   249.791	   123.643	       1	       1
       115	   752.822	   676.788	       1	       1
        46	   427.213	   252.108	       1	       1
       122	   941.079	   451.090	       1	       1
       154	   967.517	   740.784	       1	       1
       168	    32.196	   380.151	       1	       1
       125	   478.580	   660.543	       1	       1
       628	    81.347	   591.637	       1	       1
       222	   421.842	   289.918	       1	       1
       963	   150.522	   614.350	       1	       1
       813	   556.960	   524.434	       1	       1
       435	   664.400	    73.174	       1	       1
       347	   949.377	   886.637	       1	       1
       780	   336.973	   860.658	       1	       1
       223	   508.410	   825.253	       1	       1
       103	   875.110	   156.722	       1	       1
       174	   251.200	   984.170	       1	       1
       631	   648.140	   696.303	       1	       1
       312	   164.723	   560.647	       1	       1
       858	   352.644	   182.920	       1	       1
       805	   791.257	   938.085	       1	       1
       338	    42.718	   721.671	       1	       1
       550	   633.724	   209.634	       1	       1
       652	   764.163	   113.353	       1	       1
       749	   815.824	   358.469	       1	       1
       407	   453.434	   271.148	       1	       1
       435	   711.606	   908.152	       1	       1
       899	   161.523	   497.946	       1	       1
       302	   617.359	   970.009	       1	       1
       750	   871.365	   981.170	       1	       1
       178	   882.084	   319.852	       1	       1
        28	   429.675	    34.913	       1	       1
       235	   273.736	     3.447	       1	       1
       944	   848.296	   386.105	       1	       1
       329	   252.929	   317.130	       1	       1
       509	    84.629	   339.849	       1	       1
       568	   442.701	   232.991	       1	       1
       370	   515.021	   463.512	       1	       1
       227	    64.406	   733.222	       1	       1
       122	   456.559	   360.575	       1	       1
       521	   289.386	   903.222	       1	       1
       367	   510.328	   600.965	       1	       1
       524	   405.986	   110.013	       1	       1
       108	   964.581	   170.320	       1	       1
       806	   526.782	    56.810	       1	       1
       728	   173.998	   183.927	       1	       1
       725	   366.335	   445.049	       1	       1
       452	   354.962	   179.472	       1	       1
       692	   402.277	   792.299	       1	       1
       804	   958.437	   128.429	       1	       1
       242	   977.091	   418.982	       1	       1
       927	   942.021	   672.242	       1	       1
       580	   705.621	   795.177	       1	       1
       905	    28.622	   922.552	       1	       1
       410	   408.526	   633.702	       1	       1
       998	   931.111	   789.029	       1	       1
       559	   827.084	   308.212	       1	       1
       247	   659.759	    97.491	       1	       1
       498	   259.557	   880.083	       1	       1
       244	   505.096	   908.572	       1	       1
       789	   677.517	   591.358	       1	       1
       928	   609.658	   866.578	       1	       1
       528	   496.753	   656.857	       1	       1
       106	    12.079	   882.263	       1	       1
       664	   470.816	   239.511	       1	       1
       110	   266.043	   929.316	       1	       1
       353	   694.160	   572.731	       1	       1
       213	   542.451	   119.688	       1	       1
       941	   786.911	   621.229	       1	       1
       713	   575.470	   341.617	       1	       1
       389	   699.374	   889.133	       1	       1
       554	   836.862	   925.547	       1	       1
       632	   529.454	   927.995	       1	       1
       869	   951.464	   217.857	       1	       1
       699	   312.523	   682.970	       1	       1
       900	   750.524	   722.809	       1	       1
       138	   518.354	   305.539	       1	       1
       672	    79.230	   396.758	       1	       1
       107	   300.392	   262.280	       1	       1
       464	   624.828	   449.443	       1	       1
       686	   647.319	   540.277	       1	       1
       924	    71.825	    84.920	       1	       1
       805	   396.722	    56.376	       1	       1
       678	    57.812	   489.736	       1	       1
       495	   511.597	   529.125	       1	       1
       574	   184.451	   230.138	       1	       1
       624	   744.074	   356.556	       1	       1
       508	   415.486	   658.800	       1	       1
       744	   316.162	    37.639	       1	       1
       387	   644.469	   640.989	       1	       1
       828	   648.464	   972.986	       1	       1
       824	   724.999	   331.229	       1	       1
       529	   895.496	   382.197	       1	       1
       479	   380.957	   983.189	       1	       1
       282	   471.695	    27.956	       1	       1
       753	   847.239	   670.067	       1	       1
       679	   864.218	   626.311	       1	       1
       917	   217.997	    46.373	       1	       1
       455	   625.420	   627.730	       1	       1
       792	   411.450	   655.429	       1	       1
       370	   591.436	   255.998	       1	       1
       552	   548.373	   653.847	       1	       1
       146	   297.853	   355.578	       1	       1
       178	   792.971	   945.000	       1	       1
       954	   514.763	   275.729	       1	       1
       168	   263.826	   901.993	       1	       1
       417	   645.310	   583.393	       1	       1
       460	   660.929	   696.637	       1	       1
       742	   434.488	   998.734	       1	       1
       714	   434.140	   969.467	       1	       1
       753	   179.209	    79.667	       1	       1
       150	   650.436	   270.141	       1	       1
       667	   913.288	    15.777	       1	       1
       772	    51.405	   802.751	       1	       1
       427	   734.191	   932.302	       1	       1
       532	   328.118	   539.260	       1	       1
        38	   907.629	   685.108	       1	       1
       981	    84.492	   188.605	       1	       1
       911	    55.524	   948.104	       1	       1
       859	   525.908	   989.255	       1	       1
       655	   937.509	   241.059	       1	       1
       899	   969.981	   933.678	       1	       1
        52	   234.356	   991.840	       1	       1
       608	   850.914	    77.885	       1	       1
       958	   656.932	   522.839	       1	       1
       835	   645.423	   992.581	       1	       1
       322	   855.358	   813.449	       1	       1
       600	   931.057	   533.266	       1	       1
       865	   438.093	   436.292	       1	       1
       383	    52.713	   110.914	       1	       1
       731	   547.494	   922.109	       1	       1
       916	   202.117	   520.464	       1	       1
       722	   853.310	   200.529	       1	       1
       826	   721.343	   267.091	       1	       1
       511	   931.012	   254.984	       1	       1
       797	   485.215	   937.440	       1	       1
       406	   923.396	   240.184	       1	       1
       163	   888.721	   230.884	       1	       1
       343	    89.803	   961.453	       1	       1
       794	   966.785	   282.411	       1	       1
       270	   133.981	   225.893	       1	       1
       994	   426.328	   878.791	       1	       1
       896	   858.828	   402.361	       1	       1
       677	   454.268	   203.194	       1	       1
       956	   128.900	   406.439	       1	       1
       846	   308.793	   112.937	       1	       1
       653	   470.802	   669.955	       1	       1
       708	   693.147	   747.079	       1	       1
       534	   639.273	   124.083	       1	       1
       140	   295.594	   181.477	       1	       1
       854	   348.348	   959.405	       1	       1
       362	   131.047	   293.567	       1	       1
       874	   514.817	   365.245	       1	       1
       327	   607.738	   126.943	       1	       1
       409	   205.722	   628.787	       1	       1
       366	   992.568	   117.947	       1	       1
       516	   142.178	    24.877	       1	       1
       852	   718.765	   430.441	       1	       1
       918	   647.367	    91.214	       1	       1
       924	   798.854	   604.164	       1	       1
       168	   613.725	   540.428	       1	       1
       965	   726.182	   721.109	       1	       1
       655	   536.337	   967.908	       1	       1
       154	   647.552	   959.495	       1	       1
       873	   322.653	    19.617	       1	       1
       618	   476.402	   578.768	       1	       1
       966	    26.220	   969.785	       1	       1
       437	   425.571	   550.091	       1	       1
       758	   957.837	   455.308	       1	       1
       297	   840.763	   327.922	       1	       1
       757	   932.998	   676.387	       1	       1
       621	   309.126	   908.479	       1	       1
       310	   677.620	   357.141	       1	       1
       802	   609.057	   989.722	       1	       1
       968	   204.431	   293.528	       1	       1
       857	   165.722	   238.992	       1	       1
       543	   299.627	   407.595	       1	       1
       925	   537.346	   199.126	       1	       1
       855	   340.003	   848.013	       1	       1
       555	   484.226	   400.602	       1	       1
        14	   868.370	   573.067	       1	       1
       561	   800.900	   972.860	       1	       1
       134	   546.620	   181.588	       1	       1
        77	   181.609	   724.064	       1	       1
       172	   700.848	   718.095	       1	       1
       172	   783.241	   437.009	       1	       1
        52	   440.239	   153.883	       1	       1
       856	   825.642	   227.394	       1	       1
       732	   391.217	   326.664	       1	       1
       880	   928.511	   965.601	       1	       1
        48	    50.894	   951.084	       1	       1
       388	   490.290	    20.347	       1	       1
       698	   873.173	   691.063	       1	       1
       132	   853.793	   577.906	       1	       1
       731	   796.316	   366.809	       1	       1
       520	   504.733	   540.308	       1	       1
       783	   820.747	   961.905	       1	       1
       516	   486.284	   645.408	       1	       1
       240	   847.719	   350.676	       1	       1
       229	   750.862	   613.105	       1	       1
       511	   427.643	   815.311	       1	       1
       402	   125.319	    78.899	       1	       1
       306	   474.654	   628.466	       1	       1
       207	    79.138	   645.473	       1	       1
       527	   888.156	   249.407	       1	       1
        17	    52.957	   146.811	       1	       1
       472	   839.046	   851.634	       1	       1
       815	   366.512	   665.075	       1	       1
       883	   922.317	    74.916	       1	       1
       344	   810.765	   339.262	       1	       1
       555	   879.357	   852.948	       1	       1
       549	   150.184	   351.804	       1	       1
       701	   858.762	   216.131	       1	       1
        87	   799.128	   374.210	       1	       1
        40	   611.540	   235.410	       1	       1
       949	   846.907	   513.839	       1	       1
       184	   810.181	   552.747	       1	       1
        19	   112.778	   836.140	       1	       1
       845	   411.084	   278.989	       1	       1
       781	   883.795	   430.934	       1	       1
       973	   956.684	   972.407	       1	       1
       832	   474.168	   505.126	       1	       1
       363	   267.912	   745.664	       1	       1
       969	   837.249	    53.866	       1	       1
       237	   947.571	   111.657	       1	       1
       602	   192.349	   807.226	       1	       1
       294	   105.189	   791.177	       1	       1
       687	    96.268	   444.581	       1	       1
       458	   436.896	   956.731	       1	       1
       431	   109.961	   932.114	       1	       1
       999	   571.274	   435.432	       1	       1
       412	   325.464	    94.221	       1	       1
       344	   104.100	   901.445	       1	       1
       369	   636.677	   312.183	       1	       1
       464	   677.059	   207.040	       1	       1
       998	   589.997	   293.815	       1	       1
        62	   403.023	   678.331	       1	       1
       404	   967.264	   758.387	       1	       1
       938	   201.434	   389.312	       1	       1
       824	   504.989	   209.132	       1	       1
        73	   276.423	   429.440	       1	       1
       645	   828.290	   363.469	       1	       1
       743	   243.538	   932.161	       1	       1
       668	    47.570	   326.464	       1	       1
       942	   141.115	   242.711	       1	       1
       167	    82.199	   641.302	       1	       1
       514	   335.551	   310.224	       1	       1
        49	   421.406	   267.737	       1	       1
       806	   705.305	   678.964	       1	       1
       576	   129.384	   723.985	       1	       1
        39	   780.924	     2.543	       1	       1
       193	   261.559	   407.674	       1	       1
       369	   122.429	   273.768	       1	       1
       356	   980.042	   482.490	       1	       1
       933	   499.203	    39.938	       1	       1
       966	   224.212	   476.803	       1	       1
       884	   282.313	   735.390	       1	       1
       406	   981.992	   585.140	       1	       1
       155	   782.339	    53.247	       1	       1
        81	     6.607	    89.391	       1	       1
       613	     9.273	   707.291	       1	       1
       913	   514.514	   838.549	       1	       1
       390	   397.832	    52.222	       1	       1
       477	   199.675	   418.510	       1	       1
       194	   450.026	   141.072	       1	       1
       573	   116.076	   472.107	       1	       1
       938	   177.306	   332.300	       1	       1
       726	   669.736	   818.769	       1	       1
       584	   689.406	   806.052	       1	       1
       112	   242.512	   579.162	       1	       1
       189	   342.127	   742.187	       1	       1
       618	   809.564	   892.701	       1	       1
       552	   806.592	   836.369	       1	       1
       160	   550.979	   526.489	       1	       1
       271	   290.738	   518.648	       1	       1
       485	   981.390	   715.017	       1	       1
       105	   423.094	   433.478	       1	       1
       371	   700.061	   527.981	       1	       1
       416	   867.988	   456.383	       1	       1
       726	   972.268	   858.731	       1	       1
       126	   199.411	   841.778	       1	       1
       375	   110.286	   418.333	       1	       1
        32	   487.126	   417.528	       1	       1
       412	   562.050	     2.468	       1	       1
       231	     0.589	    20.268	       1	       1
       295	   565.125	   174.483	       1	       1
        28	   133.773	   787.798	       1	       1
        62	   289.887	    50.427	       1	       1
       132	   980.895	   943.963	       1	       1
       553	   887.493	   533.641	       1	       1
       315	   943.091	   133.554	       1	       1
       748	    58.137	    67.048	       1	       1
       477	   599.987	   407.989	       1	       1
       387	    70.685	   962.684	       1	       1
       743	   354.935	   278.237	       1	       1
       183	   722.448	   699.964	       1	       1
       757	    76.527	   632.462	       1	       1
       957	   429.816	   892.062	       1	       1
       352	   379.116	    70.274	       1	       1
       793	   415.930	   558.849	       1	       1
       209	   619.116	   675.219	       1	       1
       698	   642.831	   971.098	       1	       1
       422	   360.942	   687.511	       1	       1
       733	   888.396	    53.675	       1	       1
       805	   264.154	   997.346	       1	       1
       821	    64.193	   888.042	       1	       1
       157	   142.168	   367.252	       1	       1
       601	   275.837	   424.414	       1	       1
       848	   572.087	   193.713	       1	       1
       354	   249.483	   218.336	       1	       1
       224	   183.761	   538.059	       1	       1
       533	   949.072	   564.966	       1	       1
       239	   952.347	   573.435	       1	       1
       459	   107.123	   543.635	       1	       1
       615	   629.883	   667.886	       1	       1
       281	   267.595	   381.610	       1	       1
       701	    75.623	   976.935	       1	       1
       864	   314.096	   249.753	       1	       1
       567	   659.667	   811.196	       1	       1
       381	    86.968	   330.505	       1	       1
       457	   567.401	   214.598	       1	       1
       948	   515.294	   971.214	       1	       1
       672	   283.744	   252.230	       1	       1
       119	   418.412	   975.413	       1	       1
       625	   502.573	   479.469	       1	       1
       476	   552.711	    26.643	       1	       1
       178	   395.849	   423.307	       1	       1
       694	   707.805	   741.477	       1	       1
       922	   871.361	   175.862	       1	       1
       283	   686.625	   341.959	       1	       1
       885	   939.200	   843.790	       1	       1
       610	     8.124	   665.648	       1	       1
       240	   363.740	   517.715	       1	       1
       906	   657.523	   607.104	       1	       1
       250	   453.272	   775.850	       1	       1
       363	   769.096	   956.531	       1	       1
        92	   975.339	   906.090	       1	       1
       897	   338.841	   162.270	       1	       1
       977	   908.509	   974.128	       1	       1
       510	   589.315	   850.944	       1	       1
        24	   489.048	   666.790	       1	       1
       686	    23.370	   693.631	       1	       1
        36	   332.129	   996.609	       1	       1
       938	   633.490	   185.606	       1	       1
       907	   673.414	    60.280	       1	       1
       954	   628.201	   637.513	       1	       1
       354	   463.466	   947.164	       1	       1
       511	   156.275	   882.980	       1	       1
        32	    47.912	   254.099	       1	       1
       812	   501.252	   952.649	       1	       1
       872	   661.734	    18.881	       1	       1
       543	   711.355	   813.695	       1	       1
       206	   687.520	   180.964	       1	       1
       973	   573.646	   100.815	       1	       1
       698	   624.237	   182.520	       1	       1
       128	   209.384	   604.706	       1	       1
       156	   156.337	   857.526	       1	       1
       363	    27.721	   172.776	       1	       1
       661	   175.714	   830.622	       1	       1
       661	   974.876	   333.634	       1	       1
       387	   265.282	   608.243	       1	       1
       446	   109.977	   860.859	       1	       1
       854	   711.258	   229.541	       1	       1
       590	   535.261	   814.661	       1	       1
       183	   784.192	   712.751	       1	       1
       202	   419.625	   372.718	       1	       1
        99	   773.089	   920.780	       1	       1
       562	   104.730	   736.042	       1	       1
       785	   760.038	   324.260	       1	       1
       785	   505.968	    48.982	       1	       1
       256	   313.654	   523.625	       1	       1
       299	   912.880	   847.341	       1	       1
       580	   424.982	   893.126	       1	       1
       273	   762.189	   569.424	       1	       1
       172	   628.384	   657.226	       1	       1
       142	   739.264	   654.858	       1	       1
       399	   823.002	   172.446	       1	       1
       967	   283.794	   901.985	       1	       1
       128	   973.974	   874.743	       1	       1
       881	   431.977	   733.406	       1	       1
       188	   116.698	   722.111	       1	       1
       598	   219.891	   277.042	       1	       1
       439	   216.455	   407.661	       1	       1
       264	   384.596	   200.849	       1	       1
       362	   931.902	   784.544	       1	       1
       927	   289.673	   913.366	       1	       1
       124	   285.178	   794.966	       1	       1
       391	   492.361	   182.099	       1	       1
       102	    66.699	   186.818	       1	       1
       337	   596.993	   628.545	       1	       1
       742	   796.458	    13.631	       1	       1
       761	     4.104	    93.254	       1	       1
       675	    34.540	   620.388	       1	       1
       499	   683.400	   427.815	       1	       1
       257	   697.623	   182.626	       1	       1
       875	   856.930	   636.744	       1	       1
        11	   420.504	   289.520	       1	       1
       279	   178.065	   862.741	       1	       1
       126	   838.066	   606.630	       1	       1
        48	    27.818	   461.327	       1	       1
       223	   100.292	   573.415	       1	       1
       421	   852.541	   808.041	       1	       1
       688	   702.852	   957.269	       1	       1
       990	   481.449	   259.632	       1	       1
       171	   394.266	   401.345	       1	       1
       779	   886.776	   885.140	       1	       1
       425	   447.222	   268.668	       1	       1
       255	   332.246	   672.763	       1	       1
       123	   576.456	   377.594	       1	       1
       636	   233.596	   132.290	       1	       1
       304	   739.740	    77.728	       1	       1
        38	   543.689	   703.802	       1	       1
       725	   731.437	   502.205	       1	       1
       636	   602.279	   837.651	       1	       1
       877	   994.822	   652.923	       1	       1
        41	   221.667	    43.164	       1	       1
       189	   774.740	   157.168	       1	       1
        76	   901.609	   923.561	       1	       1
       845	   215.363	   635.265	       1	       1
       938	   595.704	   581.288	       1	       1
       852	   361.323	   209.407	       1	       1
       938	   915.302	    26.697	       1	       1
       783	   810.293	   936.848	       1	       1
        10	   934.159	   458.968	       1	       1
       943	   500.037	   908.642	       1	       1
       376	   293.004	     3.378	       1	       1
       850	   905.736	   587.592	       1	       1
       437	   367.601	   741.554	       1	       1
       374	   407.425	   411.089	       1	       1
       802	   144.289	   480.495	       1	       1
       154	   885.650	   729.246	       1	       1
       391	   665.384	   108.437	       1	       1
       874	   183.679	   730.384	       1	       1
       234	   584.050	   459.615	       1	       1
       307	   451.936	   879.154	       1	       1
       162	   937.202	   674.212	       1	       1
       287	   421.833	    57.593	       1	       1
       933	   438.539	   156.125	       1	       1
        56	   801.388	   621.267	       1	       1
       301	    15.728	   572.743	       1	       1
       328	   814.827	   180.811	       1	       1
        78	   946.633	   115.153	       1	       1
       328	   399.343	   864.530	       1	       1
       903	   908.381	   280.984	       1	       1
       554	    95.393	   958.820	       1	       1
       259	   545.744	   810.169	       1	       1
        55	   449.326	    36.100	       1	       1
       866	   607.551	   400.486	       1	       1
       368	   542.902	     3.111	       1	       1
       381	   692.072	   179.699	       1	       1
       948	   767.433	   462.116	       1	       1
        67	   372.045	   127.719	       1	       1
       675	   358.635	    20.288	       1	       1
       810	   560.150	    45.167	       1	       1
       370	   978.424	   901.700	       1	       1
        43	   468.966	   780.172	       1	       1
       512	   133.405	   979.176	       1	       1
       656	   968.443	   741.754	       1	       1
       203	   188.647	   415.578	       1	       1
       317	   592.657	   739.337	       1	       1
       553	   769.621	   378.213	       1	       1
       401	   419.255	   503.757	       1	       1
       261	   860.250	    44.398	       1	       1
       151	   492.235	   309.286	       1	       1
       137	   481.535	   978.143	       1	       1
       397	   201.684	   214.181	       1	       1
       422	   642.861	    15.559	       1	       1
       665	   125.066	   600.028	       1	       1
       807	   784.726	   251.714	       1	       1
       588	   321.274	   740.115	       1	       1
       761	   268.503	   245.000	       1	       1
        71	   164.909	   426.004	       1	       1
       733	   891.836	   458.979	       1	       1
       106	   967.635	   842.621	       1	       1
       580	    85.671	   906.590	       1	       1
       988	   256.432	   636.995	       1	       1
       754	   360.758	   139.836	       1	       1
       516	   643.577	   548.725	       1	       1
       940	   277.986	   796.258	       1	       1
       808	   334.087	   100.977	       1	       1
       195	   493.833	    43.990	       1	       1
       106	   269.654	   166.575	       1	       1
       955	   485.966	   526.583	       1	       1
       518	   543.139	   458.438	       1	       1
       824	     5.094	    90.358	       1	       1
       349	   342.602	   199.945	       1	       1
       819	   289.147	   821.204	       1	       1
       286	   161.110	   228.133	       1	       1
       514	   201.083	   593.225	       1	       1
        50	   665.198	    86.627	       1	       1
       898	   861.596	   927.408	       1	       1
       520	   833.676	   701.465	       1	       1
       120	   356.240	   412.517	       1	       1
       444	   505.150	   831.616	       1	       1
       512	   402.748	   511.942	       1	       1
       142	   854.438	   965.064	       1	       1
       275	   965.905	   630.966	       1	       1
       134	   730.895	   133.817	       1	       1
       394	   614.601	   391.434	       1	       1
       228	   396.064	   946.105	       1	       1
       415	   269.695	   998.806	       1	       1
       517	   558.832	   150.441	       1	       1
        84	   722.481	   290.458	       1	       1
       159	   977.109	    95.207	       1	       1
       256	   690.970	   646.594	       1	       1
       427	   309.313	   546.525	       1	       1
       897	   173.766	   888.924	       1	       1
       176	   124.262	   699.004	       1	       1
       815	   920.683	   779.638	       1	       1
       565	   916.352	   467.625	       1	       1
       113	   925.379	   351.229	       1	       1
       555	    62.755	   300.973	       1	       1
       105	   114.677	   542.014	       1	       1
       435	    13.448	   729.599	       1	       1
       209	   937.719	   496.025	       1	       1
        79	   989.964	     9.994	       1	       1
       720	   981.998	   591.605	       1	       1
        33	   584.995	   817.003	       1	       1
   750.821	   376.086
   191.349	   905.811
   354.490	   602.212
   502.686	   912.206
   550.342	   164.436
   607.421	   667.410
   433.020	   576.295
   876.978	   174.991
   369.799	    46.935
   871.540	   478.753
   256.092	   835.393
   998.183	   108.232
   155.628	   186.622
   536.637	   985.538
   564.307	   582.960
   214.359	    49.922
   198.680	   952.584
   569.785	    52.114
   290.621	   740.231
   951.389	   997.241
   926.523	   341.618
   202.262	   963.598
   458.121	   321.553
   597.031	   845.795
   633.001	   310.881
   359.331	   510.299
   833.069	   357.877
   474.165	   948.961
   441.284	   116.180
   118.371	   146.754
   595.781	   673.353
   548.715	   274.042
   112.226	   726.254
   350.742	   111.221
   897.678	   895.459
   576.554	   719.231
   792.084	    57.202
   398.468	    93.780
   992.116	   101.897
    59.767	   535.753
   131.363	   789.401
     8.932	   191.738
   964.068	   331.760
   952.281	   804.151
   687.188	   742.260
   585.404	   401.867
   675.471	   764.956
   469.138	   837.589
   677.538	   334.281
   738.306	    98.516
   253.806	   185.479
   980.544	   266.626
   420.762	   320.151
   663.618	   148.868
   303.899	    43.678
   278.285	   818.231
   518.474	   760.403
   693.370	   651.360
   438.426	    79.463
   218.732	   263.038
   490.908	   763.434
   988.593	   823.731
   902.334	   244.257
   871.679	    40.431
   878.440	   866.796
   498.219	   236.937
    43.784	   380.364
   135.262	   590.806
   528.870	    56.897
   904.231	   596.996
   298.153	   766.200
   341.260	    52.038
   391.117	   597.767
   602.514	   749.142
   242.783	    20.501
   679.359	   422.598
    80.480	   255.745
   150.949	   344.426
   923.645	   425.844
   345.009	   586.439
   775.927	   906.890
   231.664	   703.093
   956.007	   816.719
    91.489	   876.849
    77.523	   702.258
   796.046	   658.457
   477.460	   354.707
    21.840	   301.162
   300.534	   169.520
   261.030	   856.792
   821.301	   775.475
   701.980	    73.788
   416.488	   482.612
   856.802	   908.435
   443.683	   721.066
    55.491	   183.115
   859.701	   373.431
    19.143	   776.882
   396.863	   119.760
   717.090	   178.138
   413.529	   299.327
   898.111	   714.088
   749.731	   717.242
   564.324	   887.210
   793.689	    97.046
   176.523	   536.426
    93.145	   111.814
   907.357	   726.600
   650.582	   696.524
   952.534	   253.383
   394.986	   523.454
   118.369	   827.539
   691.406	   742.553
    60.063	   401.748
   367.380	   895.902
   440.985	   266.100
   525.095	   431.184
   725.783	   327.359
   513.492	   666.229
   763.253	   999.211
   719.456	   903.372
   599.044	   228.820
   943.098	   931.026
    86.544	   959.669
   249.778	   576.991
   305.202	   771.151
   942.441	   956.271
   618.880	   213.224
   595.100	   306.292
   185.640	   790.617
    31.257	   718.030
   229.588	    49.194
   682.992	   432.263
   490.428	   869.229
   544.370	   829.759
   681.547	   928.809
   994.478	   834.048
   342.794	   888.679
   238.721	   853.421
   479.100	   187.978
   968.769	   530.651
   920.512	   415.737
   160.831	   633.021
   846.448	   446.687
   433.059	   353.198
   445.745	   470.084
   609.071	   823.056
   245.224	   562.644
   542.425	   907.839
   876.233	   167.105
   509.231	   765.817
   564.413	   262.948
   784.680	   386.973
   642.894	   178.224
   675.240	   867.927
    69.329	   844.872
   891.867	   145.514
   361.596	   430.887
   751.179	   847.757
   426.481	   152.015
   120.724	   484.181
   799.031	   464.217
    87.441	   452.172
   966.522	   905.452
   825.295	   843.196
   974.609	   168.291
   756.269	   519.765
   520.154	   680.848
   679.541	   923.809
   840.073	   895.265
   497.969	   405.986
   397.147	   292.902
   611.517	   557.870
   144.967	   333.990
   468.576	   755.826
    67.027	   650.741
   359.119	   192.103
   240.045	   307.061
   181.669	   526.416
   882.662	   808.877
   313.215	    64.587
   226.220	    56.329
   938.529	    52.726
   112.581	   344.637
   855.819	   225.146
   928.708	   227.045
   556.075	   438.450
   202.363	   702.857
   159.752	   444.456
   384.077	    75.237
   975.401	   101.128
   502.989	   385.331
   591.450	   484.672
   508.903	   592.076
   272.861	   721.762
   655.339	   118.704
   515.924	   139.532
   620.604	   421.326
   232.585	   750.546
   591.719	   491.727
   345.142	   852.388
   128.747	    24.035
   302.173	    90.370
   747.156	   140.970
   115.270	   966.848
   139.815	   560.967
   333.846	   351.345
   213.174	   780.780
   799.250	   490.743
   384.941	   727.449
   768.458	   523.099
   618.505	   741.906
   491.843	   514.125
    81.371	   439.548
   981.734	   328.919
   243.313	    86.816
   981.016	   957.147
    24.292	   218.923
   198.214	   268.378
   965.901	   999.922
   699.507	   671.662
   239.586	   881.541
   284.152	   109.557
   745.238	    18.232
   260.519	   260.838
   630.946	   778.281
   234.106	   283.350
   978.855	   518.690
   117.195	   908.551
   497.382	   769.071
   911.968	   892.642
   258.752	   170.863
   697.981	   608.653
   682.673	   336.978
   937.548	   323.402
   394.129	     1.120
   272.573	    66.339
   252.369	   369.308
   334.900	   706.989
   802.467	   177.003
   628.441	   887.580
   398.573	   851.266
   201.090	   500.592
   652.472	   798.629
    57.168	   375.875
   547.131	   694.630
   329.979	   918.041
   600.780	   231.213
   628.339	   305.643
   895.283	   530.576
   898.130	   770.540
   632.315	   340.626
   643.345	   260.288
   876.001	   459.992
   807.597	   993.416
   567.621	   576.866
   771.892	   595.402
   458.340	   418.280
   292.220	   293.716
   715.159	   167.642
   392.403	   434.743
   134.297	   176.547
   759.332	   878.579
   696.081	   948.298
   445.864	   376.757
    56.995	   171.576
   921.641	   552.081
   672.498	   740.445
   213.247	   281.493
   495.865	   580.966
     3.453	    26.240
   871.868	   364.072
   697.063	   462.661
    73.793	   608.642
   691.546	    56.866
   982.534	   302.680
   141.744	   825.009
    94.323	   829.714
   933.395	   159.500
   688.134	   945.155
   844.147	   722.453
   860.209	   556.024
   910.055	   818.069
   980.200	    41.728
   758.092	   335.178
   574.053	   753.621
   563.231	   921.586
   369.576	   521.163
   359.616	     6.809
   922.309	   721.772
   517.762	   922.966
   520.963	   839.340
   491.116	   275.517
   472.564	    10.569
   937.215	   425.371
   322.044	   676.971
   956.916	   464.067
   101.647	   835.859
   907.445	   979.068
   114.112	   868.176
    16.186	   328.164
   556.612	   510.842
   795.322	   364.327
   294.028	   395.427
   141.843	   777.041
   345.063	   545.689
   980.405	   314.464
   631.328	   904.186
   256.896	   404.772
   832.128	   808.863
   921.950	   581.053
   363.452	   995.512
   351.465	   441.992
   663.067	   504.212
   791.630	   174.836
   299.956	   523.121
   238.817	   601.940
   770.307	   681.791
   132.612	   424.586
   218.546	   282.356
   466.537	   138.068
   491.875	   949.495
   781.561	   322.014
   449.424	    23.860
   172.523	   132.138
   481.291	   141.328
   151.676	   252.450
   152.301	   454.840
   401.415	   955.003
   197.195	   497.751
   553.715	    71.101
   214.603	   239.866
   399.834	   459.267
   378.537	   795.988
   172.766	   282.300
   440.365	   402.759
   594.940	   150.874
   356.310	   270.592
   685.136	   719.678
   897.585	   130.908
   562.038	   491.948
   598.497	   849.164
   701.221	   749.566
   928.225	   820.499
    28.990	   432.536
   536.118	   985.251
     6.083	   377.248
   206.592	   863.399
   740.233	   414.448
   939.756	   907.738
    64.448	   881.095
   387.371	   267.057
   773.283	   790.553
   996.219	   976.421
   440.099	   888.332
   742.052	   303.667
   374.784	   841.368
   329.502	   284.325
   164.956	   484.565
   317.985	    71.508
   324.883	   131.240
   370.775	   854.030
   924.278	   739.680
   907.055	   425.328
   455.296	   816.331
   265.958	   446.634
   726.641	   516.977
   185.761	    29.409
   522.117	   737.264
   303.161	   795.817
     4.786	   826.877
   695.015	   258.662
   232.474	   883.208
   177.908	   495.175
   299.877	   669.876
   843.805	   728.228
   454.708	   163.362
   408.330	    22.301
   125.256	   643.937
   245.170	   250.605
   357.209	   699.688
   881.166	   919.322
   995.714	   780.505
    58.567	   398.145
   130.580	   230.557
   949.757	   482.080
   440.009	   203.093
   818.503	    17.639
   952.899	   271.510
   736.750	   986.657
   602.226	   222.549
   821.423	   790.474
    34.719	   897.521
   845.488	   120.323
   628.532	   514.225
   282.924	   320.899
   237.594	    61.323
   825.451	   672.510
    42.526	   833.046
   983.584	   626.515
    73.366	   349.241
   698.827	   628.265
   914.929	   192.808
   770.180	   780.519
   670.264	   167.712
   571.087	   452.809
   302.325	     1.350
   567.024	   615.938
   195.739	    12.462
   311.992	   114.799
   546.049	   623.215
   270.869	   845.182
   493.590	   900.341
   372.160	   868.694
   866.771	   730.551
   430.146	   415.984
   802.561	   661.425
   347.513	   778.149
   196.832	   438.058
    11.342	   996.701
   654.815	   427.513
   827.098	   395.796
   437.165	   114.037
    61.142	   968.772
   272.211	   627.586
   686.766	    88.866
   551.654	   139.791
   540.769	   775.324
   665.178	   682.824
   905.973	   802.939
   779.843	   636.117
   118.935	   404.198
   604.703	   789.036
   207.253	   254.472
   286.582	   918.916
   991.071	   796.831
    44.408	   405.889
   723.202	   839.624
    72.919	   835.082
   982.608	   798.427
