1000	100	10	2000	
       512	   512.061	   958.189	       2	       5
       142	   617.461	   683.171	       4	       4
       275	   432.356	   741.964	       1	       5
       134	   847.700	   982.881	       1	       4
       394	   454.059	   416.101	       4	       3
       228	    15.404	   531.583	       2	       4
       415	   873.068	   679.213	       4	       4
       517	   656.202	   512.875	       2	       4
        84	   823.003	   299.112	       4	       2
       159	   951.776	   105.385	       1	       4
       256	    50.912	   284.932	       1	       1
       427	   235.072	   768.853	       2	       5
       897	    63.343	   640.783	       1	       3
       176	   421.658	   801.331	       4	       2
       815	   863.829	   517.121	       2	       4
       565	    81.624	   232.100	       1	       5
       113	   473.112	   627.962	       3	       4
       555	   125.543	   304.005	       2	       3
       105	   772.886	    29.529	       3	       1
       435	   841.422	   903.331	       1	       3
       209	    43.291	   420.370	       3	       4
        79	   486.441	   426.131	       2	       1
       720	   239.411	   741.252	       3	       3
        33	   952.474	   948.458	       1	       1
       736	   943.893	    72.516	       4	       5
       116	   613.934	   172.701	       1	       2
        49	   973.487	   322.357	       3	       3
        41	   344.861	   248.424	       1	       5
       303	   897.851	   495.495	       2	       1
        48	   434.595	   824.460	       3	       5
       194	   235.815	   853.972	       3	       2
       865	   940.828	   595.830	       1	       3
       934	   684.218	   240.174	       4	       5
       430	    64.912	   186.493	       4	       4
       588	   870.425	   743.391	       2	       1
       788	   701.380	   237.214	       2	       1
       478	   604.927	   539.491	       4	       5
       906	   732.375	   749.281	       3	       1
        26	   253.439	   228.249	       1	       4
       808	   600.489	   174.501	       3	       3
       909	   814.619	    39.736	       2	       2
       518	    54.114	   147.569	       2	       4
       984	   130.511	   851.439	       2	       5
       886	   842.446	   104.636	       4	       2
       709	   618.346	   223.645	       4	       2
       575	   531.288	    32.757	       2	       4
       131	   248.291	   676.357	       3	       4
       762	   295.079	   231.703	       2	       5
       253	   872.686	   413.592	       2	       1
       896	   421.666	   139.301	       1	       2
       975	    64.430	   377.217	       1	       2
       827	   896.985	   424.437	       2	       1
       468	   203.381	   472.965	       1	       5
       885	   826.228	   422.842	       1	       1
       696	   881.771	   102.757	       2	       1
       165	   486.751	   772.580	       4	       3
       683	   598.465	   137.206	       4	       3
       850	   527.267	   424.292	       3	       3
       590	   624.821	   271.956	       2	       2
       561	   855.042	   301.008	       1	       3
       938	   282.139	   672.421	       3	       2
       875	   883.756	   517.787	       4	       5
       913	   567.690	   190.087	       4	       3
       555	   115.103	   469.134	       3	       3
       968	   227.001	   339.541	       2	       5
       792	   595.982	   704.497	       2	       4
        87	   239.446	   226.095	       2	       4
       949	   131.416	   844.988	       4	       1
        71	   161.848	   526.230	       1	       3
       863	   844.873	   500.620	       1	       1
       558	   602.184	   253.686	       2	       3
       790	   963.567	   186.156	       4	       2
       516	   345.679	   471.819	       1	       3
       447	   595.625	   981.824	       3	       5
       896	   598.985	   132.906	       1	       4
       292	   615.704	   283.462	       1	       5
       860	    59.177	   800.641	       2	       4
       772	   750.317	   664.777	       4	       1
       905	   948.209	   278.758	       2	       2
       493	   534.679	   314.648	       3	       4
       534	   192.556	   419.948	       4	       5
       755	   752.926	   602.787	       1	       1
       877	     7.319	   719.339	       1	       1
       291	   328.256	   857.300	       2	       4
       751	   917.606	   681.111	       4	       5
       395	   588.367	   236.982	       3	       2
       502	   855.190	   925.721	       4	       3
       691	   604.672	   781.195	       4	       5
       629	   822.578	   307.381	       3	       1
       577	   879.484	   304.966	       2	       5
       577	   320.986	   881.168	       1	       1
       458	   122.955	   126.078	       3	       1
       665	   721.303	   633.461	       2	       2
       486	   440.347	   277.713	       4	       1
       306	   126.736	   827.200	       4	       2
       326	   589.824	   364.523	       3	       5
       592	    36.068	   733.366	       4	       1
       443	   200.182	   192.418	       2	       2
       188	   788.301	   481.446	       1	       2
       682	    12.097	   803.595	       4	       1
       228	   303.346	   396.988	       2	       5
       286	    21.376	   161.574	       2	       1
       318	   997.485	   648.982	       4	       4
       560	   582.030	   753.326	       3	       5
       459	   293.376	   280.193	       1	       4
       730	   928.949	   451.362	       1	       5
       963	   507.119	   900.449	       3	       2
       830	   454.692	   871.986	       3	       1
        99	   587.872	   707.188	       4	       3
       797	   264.138	   590.901	       4	       2
       586	   305.288	   817.382	       4	       4
        52	   371.655	   907.645	       4	       5
       825	   244.448	     2.508	       2	       3
       927	   584.547	   397.228	       4	       2
       107	   695.846	   561.410	       4	       3
        11	    71.947	   733.923	       1	       5
        99	   971.083	    87.473	       3	       2
        48	   753.071	   399.755	       3	       5
       918	   806.163	   279.621	       3	       5
       890	   751.640	   423.510	       1	       3
        28	    80.061	   497.979	       1	       2
       983	   481.696	   660.015	       4	       5
       983	   445.673	   496.236	       4	       3
       482	   672.473	   620.468	       2	       4
       502	   448.737	   582.440	       2	       5
       484	   704.313	   428.332	       2	       5
       477	   681.645	     4.976	       4	       3
       305	   697.149	   194.516	       1	       4
       876	   618.601	   320.207	       1	       5
       137	   150.981	   146.978	       2	       5
       281	   760.802	   598.664	       2	       3
       303	   781.046	   611.499	       3	       2
       496	   904.103	   500.093	       1	       1
       174	   233.769	   320.849	       2	       1
       364	   176.679	   653.258	       3	       5
       137	   391.099	   190.283	       3	       1
       248	   320.565	     5.881	       1	       2
       779	   815.477	   734.942	       4	       4
        42	   613.526	   443.504	       2	       3
       680	   760.002	   697.842	       4	       5
        17	   427.665	   185.043	       4	       4
       122	    99.441	    62.620	       2	       2
        60	   115.035	   378.109	       1	       4
       700	   373.407	   695.997	       4	       2
       170	   193.848	   102.818	       1	       1
       821	   820.746	   195.834	       4	       2
       947	   599.636	   453.953	       1	       5
       719	   688.845	   621.149	       3	       1
        11	   491.110	   750.124	       1	       1
       619	    88.174	   109.735	       4	       3
       384	   235.078	   624.624	       4	       5
       189	   461.602	   387.361	       2	       4
       552	   198.592	   670.090	       1	       2
       604	    25.476	   203.560	       2	       5
       699	   729.398	   527.919	       1	       1
       347	   724.917	   172.163	       1	       3
       988	   330.392	    18.681	       3	       3
       745	   843.494	   486.950	       1	       3
       465	   428.442	   184.178	       2	       4
       775	   864.686	   638.343	       3	       5
       415	   657.065	   536.575	       4	       3
       540	   581.036	   774.945	       1	       4
       696	   200.727	   392.960	       2	       3
       182	   529.547	   989.452	       4	       1
       741	   894.432	   515.215	       2	       5
       147	   304.994	   478.823	       1	       2
       398	   870.946	   749.442	       3	       1
        87	   908.745	   572.688	       1	       4
       521	   329.845	   362.465	       1	       4
       841	   683.074	   489.245	       1	       4
       161	   899.221	   189.138	       1	       4
       105	    75.697	   393.583	       2	       4
       765	   878.588	    29.962	       3	       1
       197	   190.839	   462.529	       1	       5
       751	   849.769	   274.474	       2	       3
       647	   667.119	   526.716	       1	       5
        74	   344.339	    29.272	       3	       4
       988	   151.376	   555.087	       4	       1
       425	   635.371	   292.998	       2	       5
       651	   847.788	   577.491	       3	       3
        94	   821.849	   732.770	       1	       4
       984	   628.240	   440.338	       1	       1
       243	   956.302	   663.157	       4	       2
        78	   589.923	   238.910	       3	       1
        64	   197.833	   998.599	       3	       2
        35	   429.331	   242.879	       3	       2
       477	   336.746	   940.828	       1	       1
       421	   991.945	   217.220	       2	       4
       772	   380.236	   497.564	       3	       5
       578	   992.701	   821.177	       3	       1
       614	   518.804	   716.588	       3	       1
       786	   172.280	   705.580	       3	       5
       961	    74.574	   440.441	       4	       5
       887	   370.306	   754.175	       4	       1
       342	   123.419	   919.954	       1	       4
       184	   634.519	   441.352	       3	       4
       955	   413.920	   527.965	       4	       5
        21	   990.916	    66.036	       2	       2
       146	   929.956	   390.773	       2	       4
       455	   149.236	   467.239	       3	       3
       852	   394.882	   895.138	       1	       5
       161	   461.580	   110.557	       3	       1
       354	   560.949	   731.138	       1	       2
       227	   780.364	   545.471	       3	       3
       476	   487.194	   606.535	       2	       4
       220	   419.994	    29.783	       2	       1
        15	   262.000	   146.747	       2	       2
       889	   910.806	   283.983	       3	       5
       692	    22.272	     4.872	       2	       1
       824	   821.122	   669.158	       2	       2
       543	   188.468	   870.258	       1	       3
       957	   685.757	   546.968	       3	       4
       127	   355.209	   543.164	       1	       2
       595	   974.213	   615.726	       4	       5
       948	   122.772	   302.182	       2	       5
       919	   187.570	   366.732	       1	       4
       668	   889.442	   574.940	       2	       2
       161	   583.406	   809.217	       2	       4
       567	   309.246	   201.597	       4	       5
       489	     0.764	   327.524	       1	       2
       391	   227.598	   742.921	       2	       1
       574	   145.404	   340.920	       4	       4
       939	   203.434	    47.611	       2	       5
       704	   896.323	   156.357	       2	       5
       920	   873.094	   193.865	       3	       4
       963	   700.289	   495.112	       2	       5
       377	   470.498	   635.125	       1	       2
       455	   827.136	   880.220	       1	       2
       690	   495.826	   902.537	       4	       1
       763	   363.489	   307.161	       3	       1
       338	   275.603	   753.380	       2	       5
       971	   924.741	   282.428	       1	       2
       288	   386.989	   368.577	       4	       2
        12	   492.881	   292.727	       4	       2
       224	   254.438	   413.691	       1	       4
       267	   884.967	   214.716	       4	       5
        82	   383.263	   318.986	       2	       2
       317	   297.575	   121.920	       3	       1
       465	   717.595	   963.018	       4	       5
       890	   190.870	   503.983	       2	       4
       737	   118.193	   923.101	       2	       4
        87	   836.998	   746.160	       1	       5
       840	   744.136	   457.705	       2	       1
       570	   590.521	   754.622	       1	       5
       266	   242.892	   628.023	       2	       1
       564	   623.247	   303.758	       1	       5
       305	   638.355	   521.659	       2	       3
       525	   327.569	   712.312	       4	       2
       451	    67.489	   305.314	       2	       1
       821	   880.539	    12.523	       2	       3
       575	   459.957	   268.263	       4	       2
       949	   763.873	   796.745	       2	       4
       980	   253.889	   929.993	       1	       5
       876	   591.387	   625.331	       3	       1
       875	   428.795	   132.807	       2	       2
       853	   382.101	   757.570	       4	       5
       709	   126.713	   526.905	       1	       3
       332	   244.267	   753.869	       1	       4
       852	    79.342	   858.612	       3	       4
       613	   302.858	   947.542	       2	       4
       271	   741.705	   654.538	       4	       2
        36	   615.016	   854.258	       1	       1
       973	   672.411	   742.588	       3	       1
        41	     8.383	   727.101	       3	       5
       533	   678.377	   858.791	       3	       2
       397	   503.181	   923.003	       1	       2
       704	   230.908	   902.076	       2	       3
       139	   174.897	   395.750	       4	       1
        23	   184.983	    84.021	       4	       5
        69	   844.260	   829.574	       4	       3
       902	   982.590	   538.932	       2	       5
       450	   913.740	   542.076	       2	       2
       731	   347.369	   825.175	       2	       5
       146	   780.225	    31.984	       3	       2
        48	   546.455	   877.960	       1	       1
       398	   816.442	    34.634	       4	       2
       336	   483.727	   693.195	       1	       2
       854	   589.951	   587.484	       3	       5
       851	   787.263	   641.749	       1	       1
        15	   100.235	   374.080	       2	       1
       473	   537.007	   275.462	       1	       1
        94	   365.983	   509.409	       4	       5
       197	   604.307	   885.823	       3	       5
        41	   958.803	   565.290	       4	       4
       484	   392.823	   663.149	       1	       2
        17	   392.973	   441.379	       3	       2
       245	   790.637	   972.139	       3	       3
       332	   645.078	   742.522	       1	       4
       170	   393.884	   354.903	       2	       3
       952	   688.955	   653.531	       4	       2
       469	   404.002	   542.616	       1	       4
       860	   136.113	   884.056	       1	       2
       310	   450.643	   275.054	       1	       4
       842	   334.419	   108.067	       2	       1
       559	   217.969	   191.272	       3	       5
       185	   925.775	   387.046	       4	       2
       467	   689.639	   854.060	       2	       3
       484	   598.821	   270.845	       1	       3
       350	   746.657	   626.359	       1	       3
       793	   541.971	   623.552	       4	       5
       459	   700.533	   408.047	       1	       3
        62	   930.560	    50.335	       2	       3
       719	   862.617	   744.834	       3	       3
       972	   167.442	   295.726	       1	       4
       355	   263.139	   398.458	       1	       5
        38	    71.610	   377.240	       4	       5
       797	   978.673	   663.603	       3	       2
       795	   236.384	    86.333	       4	       2
       783	   660.598	   549.890	       3	       3
       247	    89.631	    15.422	       4	       5
       217	   210.771	   983.039	       4	       4
       404	   502.824	   598.427	       4	       2
       264	   104.954	   384.114	       3	       1
       423	   388.873	   146.748	       4	       4
       155	   537.988	   696.878	       3	       3
       219	   339.204	   905.808	       4	       3
       440	   555.900	   318.109	       4	       2
        17	   536.768	   766.492	       2	       2
        27	   390.610	   287.498	       4	       5
       764	   696.270	   957.225	       3	       3
        96	   678.482	   702.316	       1	       4
       327	   687.303	   625.016	       4	       5
       330	   561.491	   930.735	       3	       5
       529	   358.080	   269.042	       1	       3
       807	   613.112	   923.616	       1	       2
       705	   935.736	   678.083	       1	       1
       806	   596.889	   771.363	       4	       4
       894	   979.590	   571.635	       4	       3
       493	   441.007	   833.905	       1	       1
        53	   739.612	   698.282	       4	       4
       492	    37.604	   146.609	       2	       2
        65	   764.727	   612.461	       3	       3
       242	   518.282	   279.320	       3	       3
       271	     5.317	   915.879	       4	       4
       316	   277.200	   198.232	       4	       1
       870	   534.832	   285.716	       2	       2
       201	   767.963	    47.655	       4	       1
       702	    53.093	   447.579	       4	       1
       115	   549.053	   557.588	       2	       4
       940	   800.995	   573.561	       4	       3
       236	   649.583	   905.377	       1	       1
       989	   931.447	   347.414	       3	       2
       855	    74.731	   447.528	       3	       1
       175	   276.806	   851.238	       3	       5
       483	   919.238	   576.829	       1	       1
       960	   765.005	   653.993	       3	       2
       270	   599.740	   278.359	       3	       5
       821	   832.968	   487.471	       2	       5
       149	   896.043	   620.952	       1	       3
       551	   972.720	   133.394	       1	       5
       854	   998.521	    32.909	       1	       5
       483	   139.649	   113.411	       1	       5
       426	    70.542	   477.461	       3	       5
       700	    73.467	    24.027	       2	       5
       242	    14.744	   626.209	       4	       2
       701	   971.820	    97.583	       4	       4
       692	    94.767	   250.962	       2	       1
       417	   841.737	   426.493	       1	       3
       893	   685.173	   115.827	       3	       5
       135	   487.557	   270.552	       3	       1
       611	   346.695	    21.080	       2	       2
        53	   353.648	   985.046	       3	       2
       264	   253.839	   611.574	       2	       3
       380	   911.018	   378.354	       3	       1
       893	   725.643	    26.528	       2	       4
       626	    25.926	   389.839	       3	       4
       866	   461.521	   452.559	       1	       3
       105	   281.301	   931.003	       1	       3
       294	    28.966	   278.504	       3	       3
        74	   884.682	   614.782	       3	       4
       124	   771.005	   665.168	       1	       4
       224	   329.735	   185.961	       2	       1
       776	   796.559	   505.763	       3	       3
       836	   324.638	   786.501	       1	       4
       866	   307.882	    96.579	       3	       3
       649	   928.109	   606.035	       4	       1
       317	   976.916	    26.060	       1	       5
       928	   523.555	     7.047	       4	       5
        20	   951.935	    59.529	       2	       2
       885	   887.996	   481.400	       1	       4
       553	   518.033	   925.704	       1	       4
       510	   372.749	   405.557	       4	       2
        19	   710.355	    75.033	       4	       2
       113	   455.643	   861.352	       3	       2
       144	   605.213	   519.298	       4	       4
       680	   990.406	   318.936	       1	       3
       845	   773.916	   963.032	       4	       4
       668	   334.276	   938.262	       3	       3
       662	    88.998	   260.019	       4	       4
       339	   184.906	   201.392	       2	       5
        84	   526.852	   588.909	       3	       1
       357	   417.102	   842.518	       1	       1
       971	   800.660	   336.721	       4	       2
       223	   933.202	   586.429	       1	       2
       575	   177.865	   162.245	       1	       4
       180	   860.067	   194.594	       1	       5
       656	   957.395	   761.335	       3	       2
       403	   959.471	   150.098	       3	       2
       174	    37.863	   265.907	       4	       1
       481	    57.584	   689.495	       4	       1
       197	     5.797	    15.089	       1	       2
       786	   312.681	    32.194	       3	       5
       447	    55.698	   287.526	       2	       2
       993	   293.862	   336.623	       4	       4
       540	   356.016	   362.216	       2	       4
       116	   953.677	   807.191	       2	       4
        31	   476.951	    35.981	       1	       5
        77	   278.238	   358.395	       2	       1
       519	   503.005	   638.278	       3	       5
        24	   643.358	   143.004	       2	       1
        30	   111.246	   857.739	       3	       2
       390	   758.062	   645.564	       3	       1
       991	   851.946	   115.293	       2	       5
       275	   844.250	   208.097	       1	       4
       564	   890.507	   745.498	       2	       4
       972	   381.842	   403.407	       3	       2
       798	   443.805	   484.470	       4	       4
       373	   101.581	   887.455	       3	       3
       922	   225.807	   137.444	       1	       3
       836	   971.320	   964.373	       1	       2
        87	   284.624	    42.630	       1	       4
        52	   907.396	    99.440	       4	       5
       301	   890.552	   223.238	       3	       3
       853	   922.504	   806.585	       1	       4
       166	   156.150	   455.873	       4	       4
       756	   879.722	   653.251	       4	       4
        95	   631.995	   174.321	       4	       5
        44	   210.628	   166.722	       2	       3
       950	   345.116	   520.848	       4	       2
       244	   159.919	   740.294	       1	       1
       230	   444.348	   462.474	       3	       1
       732	    83.775	   869.614	       3	       5
       402	   165.318	   660.412	       4	       3
       808	   197.196	   249.090	       1	       1
       586	   691.027	   234.902	       2	       1
       727	   573.803	   374.047	       2	       2
       284	   873.323	   756.616	       3	       1
       176	   244.634	   937.938	       2	       4
       254	   629.608	   861.906	       4	       1
       917	    34.431	   261.611	       3	       3
       962	   516.198	   412.279	       1	       2
       190	   863.226	   611.544	       2	       5
       733	   984.127	   546.834	       2	       5
       854	     9.873	   389.275	       1	       1
       974	   252.841	   101.421	       2	       1
       503	   223.850	   712.245	       4	       3
        35	    47.538	    88.135	       4	       3
       754	    10.172	   866.077	       2	       1
       365	   490.195	   863.448	       3	       3
       591	    45.482	   708.451	       4	       1
       553	   278.328	   486.425	       3	       3
        69	   639.975	   699.147	       1	       3
       328	   294.692	   394.987	       3	       5
        39	   269.655	   797.496	       1	       1
       332	   590.547	   786.417	       3	       4
       645	   380.534	   155.529	       4	       3
        42	   702.523	   317.818	       1	       2
       849	   496.124	   343.983	       3	       5
       259	   633.209	   364.170	       3	       4
       966	   353.394	   566.646	       1	       2
       359	   287.044	    41.687	       4	       3
       210	   133.207	   659.970	       3	       4
       933	   937.080	   201.632	       1	       1
       875	   804.836	   416.463	       4	       4
       999	   938.029	   450.893	       3	       1
        78	   185.381	   348.727	       4	       1
       560	   933.156	   383.280	       4	       5
       326	   935.753	   180.306	       1	       3
       107	   283.545	    68.130	       2	       5
       512	   274.634	   551.257	       3	       2
       787	   551.432	   595.867	       2	       3
       845	   185.289	   145.500	       1	       3
       344	   442.101	   230.942	       4	       5
       841	   185.318	   286.377	       3	       3
       798	   947.376	   830.751	       3	       5
       429	   493.825	   153.421	       3	       4
       449	   963.918	   552.139	       1	       2
       765	   644.942	   568.140	       2	       3
       166	   484.316	   343.420	       3	       3
       695	   967.695	   350.617	       4	       2
       102	   143.190	   959.112	       2	       5
       450	   632.330	   553.344	       2	       2
       900	   661.888	   652.731	       2	       1
       829	   433.840	   490.740	       2	       3
       526	    59.357	   646.650	       1	       3
       729	   492.723	   605.251	       2	       3
       981	   465.134	   145.173	       3	       1
        41	   806.747	   334.681	       2	       4
       750	   256.661	   460.434	       1	       5
        86	   391.430	   127.822	       1	       5
       446	   240.172	   363.073	       3	       4
       260	   686.443	   228.142	       3	       5
       816	   989.883	   847.503	       4	       3
       605	   177.430	   341.474	       2	       2
       730	   821.447	   226.789	       1	       5
       889	   230.989	   408.181	       1	       2
       494	    57.976	   683.064	       1	       3
        84	   138.817	    65.622	       3	       3
       592	   935.153	   180.729	       4	       4
       932	   888.542	   694.307	       3	       5
       750	   289.260	   752.257	       1	       1
       195	   947.764	   617.754	       2	       2
       808	   849.931	   879.199	       4	       1
       109	   434.655	   168.800	       2	       5
       458	   468.050	   703.548	       2	       1
       816	   629.853	   917.260	       3	       1
       924	   158.032	   150.740	       2	       5
        51	    14.782	   243.764	       2	       3
       508	   265.512	   546.685	       1	       2
       873	    15.444	   344.119	       2	       3
       835	   674.499	   690.639	       3	       1
       698	   551.469	    57.568	       1	       1
       692	   321.648	   160.764	       4	       4
       379	   780.202	   716.238	       1	       5
       252	   145.785	   970.619	       1	       2
       958	   244.881	   929.550	       3	       5
       672	   292.314	   901.067	       4	       3
       586	   195.932	   127.743	       2	       2
       976	    87.939	   145.929	       2	       1
       199	   869.976	    72.265	       2	       4
       198	    88.189	   542.540	       1	       1
       375	   683.710	   882.486	       1	       2
       106	   120.401	   531.792	       1	       1
       165	    10.699	   781.715	       3	       5
       266	   557.268	   188.454	       2	       5
       676	   907.109	   863.111	       3	       4
       828	   860.457	   187.425	       4	       3
       286	   338.451	    54.764	       4	       4
       772	    27.159	   421.491	       3	       1
        36	   800.859	   555.104	       1	       4
       971	   805.985	   970.742	       2	       5
       367	   868.488	    91.754	       4	       4
       983	   669.647	   273.918	       1	       4
       498	   807.779	   105.107	       4	       5
       796	   897.498	   390.440	       2	       5
       966	   453.830	   289.011	       3	       3
       263	   557.825	   513.300	       3	       1
       476	   506.131	   348.257	       1	       3
       752	   691.984	   928.228	       3	       2
       325	   682.907	   789.948	       4	       3
       639	   520.314	   861.011	       3	       3
       379	   828.468	   129.501	       3	       3
       584	   505.779	   575.070	       3	       3
       508	   824.859	   214.783	       1	       4
       688	   281.845	   868.239	       2	       1
       673	   178.495	    15.019	       3	       3
       590	   969.871	   105.744	       4	       2
       719	   741.940	   376.057	       1	       5
       199	   259.792	   402.094	       1	       3
       353	   581.235	   277.220	       2	       1
       460	   955.262	    96.063	       2	       2
       797	    80.754	   118.730	       2	       3
       769	    83.534	   317.945	       1	       5
       686	   619.135	   950.793	       3	       3
       795	   224.493	   207.407	       4	       2
       159	   765.184	   747.280	       3	       5
       215	   568.153	   258.189	       3	       5
       372	   666.188	    37.240	       1	       4
       898	   107.814	    16.052	       3	       3
       765	    84.283	   152.706	       1	       2
       676	   625.121	   462.084	       4	       1
       763	   409.731	   755.901	       4	       2
       426	    87.253	   728.815	       4	       5
       530	   371.064	   352.389	       4	       5
       914	   672.144	   479.139	       4	       4
       926	   189.587	   814.074	       1	       5
        78	   895.729	   838.403	       3	       2
       604	   949.846	   319.917	       4	       3
       320	   961.573	     4.265	       2	       2
       735	   730.083	    46.931	       3	       4
       393	   406.288	   737.807	       3	       1
       743	   743.749	   272.632	       1	       1
       513	   287.987	   481.486	       3	       5
       724	   314.417	   192.031	       2	       3
        99	   605.896	   847.113	       3	       1
       801	   594.847	   503.378	       1	       5
       872	   878.661	   527.160	       3	       1
       996	   254.601	   288.080	       4	       4
       791	   766.188	   511.999	       1	       1
       405	   941.013	     1.964	       2	       2
       948	     1.033	   277.295	       1	       5
       404	   476.089	   348.763	       3	       2
       226	   657.040	   283.951	       3	       4
        34	   843.323	    85.952	       3	       4
       825	   183.739	   521.781	       2	       3
       259	   856.159	   788.479	       3	       5
       462	   364.365	   942.598	       3	       2
       949	   892.274	   497.290	       4	       5
       741	    27.712	   593.754	       2	       3
       643	    85.390	   290.860	       1	       5
       151	   981.410	   149.160	       4	       3
        16	   609.502	   131.872	       2	       4
        12	   417.632	   732.361	       4	       4
       333	   169.214	   734.469	       2	       1
       359	   649.901	   179.350	       4	       2
       244	    36.975	   413.560	       3	       3
       398	   311.614	   594.144	       3	       5
       166	   323.479	   125.282	       1	       4
        45	   607.442	   785.369	       3	       4
       988	   650.831	   619.992	       1	       2
       368	   846.055	   615.222	       1	       1
       215	   927.581	   701.208	       1	       5
       184	   660.458	   987.183	       3	       5
        88	   578.174	   562.394	       4	       3
       627	   398.716	   864.416	       3	       1
       400	   966.612	   418.709	       1	       3
       229	   154.079	   654.469	       1	       2
       858	   895.087	   925.261	       4	       3
       158	   311.013	   664.151	       1	       4
       161	   548.489	   303.081	       2	       3
       841	   682.066	   619.946	       3	       4
       493	   236.470	   351.318	       2	       4
       721	   167.737	   322.367	       3	       4
       272	   508.482	   610.205	       1	       3
       799	   791.864	   160.323	       2	       2
       970	   692.414	   486.739	       4	       5
        60	   118.973	   945.634	       2	       1
       100	   900.742	   383.914	       2	       2
        19	   479.738	   188.963	       2	       3
       627	   946.677	   468.839	       2	       1
       870	   553.434	   840.908	       3	       1
       973	    84.802	   842.668	       3	       1
       607	   202.463	   827.803	       1	       1
       505	   854.238	    11.476	       2	       3
        43	   705.927	   267.040	       1	       3
       465	   894.940	   999.876	       3	       2
       131	   329.146	   119.683	       4	       5
       402	   528.001	   490.089	       3	       1
       497	   650.398	   790.026	       2	       3
       829	   594.291	   122.214	       2	       1
        43	   231.463	   662.409	       3	       1
       648	   426.821	   488.080	       1	       1
       877	   248.111	   194.290	       1	       4
       455	   845.615	   878.630	       2	       2
       529	   986.677	   181.487	       4	       4
       837	    66.571	   639.053	       1	       3
       435	   713.928	   740.827	       2	       3
        37	   330.116	   562.673	       2	       5
       829	   625.435	   628.842	       1	       1
       306	   258.130	   118.965	       1	       1
       900	   651.008	   308.037	       1	       5
       465	   371.147	   586.962	       3	       3
       878	   294.821	   395.464	       4	       2
       567	   911.763	   663.946	       3	       2
       872	   942.499	   851.955	       1	       4
       659	   613.550	   190.222	       4	       4
       761	   214.468	   903.273	       3	       2
       994	   939.419	   383.176	       1	       3
        56	   750.454	   943.124	       3	       1
       643	   751.090	   617.382	       1	       1
       580	   211.721	   790.096	       1	       4
        31	   830.157	   514.775	       1	       4
       960	   240.095	   531.145	       2	       2
       266	   631.621	   327.594	       4	       2
       669	   710.740	   129.365	       1	       1
       157	   742.383	   383.822	       3	       1
       863	   390.265	   214.976	       3	       2
        37	   759.825	    32.865	       1	       3
       107	   902.936	   274.887	       3	       5
       754	   587.420	   180.576	       3	       3
       248	    90.410	   875.530	       4	       2
       756	   128.976	    81.237	       2	       5
       415	   105.263	   183.896	       1	       1
       360	   172.727	   704.031	       4	       5
       249	   126.431	   919.226	       1	       4
       412	   778.301	   251.458	       1	       3
       717	    39.412	    21.301	       4	       3
       301	   241.558	   960.504	       1	       4
       105	   879.066	   682.221	       4	       1
        39	   973.519	   310.663	       4	       1
       369	   605.422	   472.373	       4	       4
       288	   976.238	   599.256	       1	       5
       450	    43.452	   373.869	       1	       5
       257	   948.573	   874.488	       3	       3
       788	   311.296	   726.173	       4	       1
       820	   798.973	   954.341	       2	       3
       594	   810.629	   351.066	       4	       4
       553	   859.999	   937.174	       2	       4
       918	   458.551	   479.101	       2	       2
       604	   930.644	   642.323	       1	       4
       657	   257.893	   736.647	       4	       2
       737	   934.445	   809.338	       1	       3
       146	   619.120	   396.259	       4	       5
       327	   985.445	   447.946	       3	       4
        33	    32.644	   817.277	       3	       1
       504	   725.167	   717.557	       3	       1
       300	   565.554	   940.849	       3	       3
       261	   492.424	   979.598	       3	       3
       141	   259.218	   178.913	       3	       3
       321	   326.831	   227.919	       3	       2
       506	   249.462	   715.986	       3	       1
       884	   219.268	   747.383	       1	       2
       974	   799.661	   603.180	       3	       2
        25	   502.395	   877.300	       2	       2
       290	    83.190	   251.990	       3	       3
       584	   776.984	   339.487	       2	       2
       116	   533.649	   494.647	       3	       2
       131	   739.388	   315.027	       3	       5
       548	   515.394	   545.439	       4	       1
       620	   399.946	   682.478	       2	       3
       247	   986.247	   220.367	       1	       1
       569	    28.243	   485.337	       1	       4
       481	   932.764	   992.981	       2	       3
       498	   930.855	   324.161	       2	       3
       173	   390.919	    35.362	       4	       1
       510	   214.465	   817.352	       3	       2
       666	   619.213	   503.307	       2	       2
       225	   177.972	    52.784	       2	       4
       249	   803.208	   890.305	       3	       2
       484	   253.934	   404.514	       2	       4
       984	   290.806	   929.273	       4	       4
       353	   915.916	   402.078	       4	       3
       195	   902.917	    76.832	       2	       4
       290	   535.381	   245.301	       3	       5
       961	   862.839	   350.261	       4	       1
       827	   352.533	   750.728	       3	       1
       318	   997.884	   184.748	       2	       2
       802	   433.690	   430.974	       4	       4
       409	   294.812	   873.245	       4	       5
       205	    41.574	   533.761	       4	       5
        83	   989.707	   103.155	       3	       4
       184	   464.888	    24.522	       2	       2
       414	   734.585	   705.810	       4	       4
       332	   640.808	   979.127	       4	       1
        22	   723.093	   785.165	       1	       1
       419	    51.111	   764.726	       1	       5
       650	   920.045	   675.448	       2	       5
       107	   926.841	   795.503	       1	       2
       236	   551.995	    40.018	       2	       5
       983	   963.916	   264.682	       2	       1
       149	   280.956	   695.398	       3	       2
       356	   602.147	   866.988	       3	       2
       802	   396.463	   674.607	       4	       4
       253	   628.023	   176.276	       3	       3
        64	   300.632	   936.308	       1	       2
       885	   819.358	   903.379	       1	       3
       774	    69.786	    86.679	       3	       5
       883	    41.878	   193.000	       1	       2
       697	    49.396	   275.193	       3	       2
       471	   150.455	   738.412	       4	       2
       897	   395.350	   859.373	       4	       5
       306	   955.390	   578.322	       2	       4
       453	   110.795	   199.646	       3	       4
       752	   647.553	   415.090	       1	       2
       857	   527.622	   137.859	       2	       1
       611	   353.242	   917.396	       1	       3
       809	   198.199	   764.531	       4	       2
       504	   220.594	   510.214	       1	       3
       834	    43.822	   453.575	       3	       4
       764	   713.164	    97.842	       2	       5
        43	   653.840	   318.675	       4	       5
       432	   443.770	   120.633	       4	       2
       998	   718.939	   782.338	       3	       5
       501	   109.976	   544.884	       4	       4
       414	   938.719	   227.277	       1	       5
       920	   847.627	   224.203	       3	       2
       531	   659.036	   260.398	       1	       4
       500	   378.831	   308.873	       2	       5
       333	   416.567	   387.705	       4	       1
       603	   482.154	   297.549	       4	       1
        89	   935.284	   679.556	       4	       4
       909	   863.593	    35.074	       1	       1
       185	   477.924	   328.110	       4	       3
       464	   554.518	   745.292	       1	       4
       436	   875.404	   942.808	       4	       1
       655	   949.264	   802.733	       1	       5
       414	   639.185	   240.826	       1	       5
       963	   748.520	   232.915	       3	       5
       197	   351.625	   190.337	       3	       4
       960	   918.028	   882.498	       4	       4
       983	   836.752	   237.856	       1	       4
       802	   552.056	   758.181	       3	       5
       324	   867.627	   261.050	       3	       1
       760	   849.872	    33.082	       2	       2
        89	   808.411	   733.448	       4	       2
       942	   130.693	   726.202	       4	       3
       986	   536.003	    88.959	       2	       2
       708	   900.783	   326.701	       3	       3
       829	   770.832	   948.365	       1	       1
       585	   420.713	   162.949	       1	       2
       979	   977.880	    86.672	       2	       4
       605	   250.773	   594.604	       3	       4
       738	   333.610	   930.990	       3	       1
       732	   954.201	   133.778	       3	       2
       642	   808.715	   513.012	       2	       1
       833	   900.340	   683.999	       2	       2
       728	    11.590	   171.830	       3	       3
       976	   379.764	    11.260	       1	       4
       126	   235.522	   887.683	       3	       1
        37	   295.935	    35.231	       4	       4
       289	   737.995	   257.458	       2	       5
       959	   724.085	   651.684	       3	       5
       591	   461.799	   285.783	       4	       2
       462	   365.274	     9.708	       2	       3
       289	   584.692	   575.452	       2	       3
       440	   533.708	   307.792	       2	       4
       305	   550.580	   151.514	       4	       4
        76	   615.477	   971.283	       4	       2
       343	   395.648	   164.972	       3	       3
       628	   771.718	   727.235	       4	       4
       164	   251.203	   890.724	       4	       5
       802	   655.761	   858.715	       1	       2
       649	   960.397	   184.257	       1	       3
       411	     3.555	   236.809	       4	       5
       609	   723.361	    18.363	       4	       2
       779	   108.995	   931.405	       2	       4
       183	   543.787	   887.121	       4	       3
       964	   626.916	   595.466	       4	       2
       415	   242.947	   109.368	       4	       2
       249	   913.844	   173.543	       3	       1
       539	   622.313	   576.960	       1	       5
       706	   231.695	   251.657	       3	       3
       299	   770.132	   300.172	       3	       3
       437	   105.507	   170.987	       4	       3
       853	   555.225	   189.592	       2	       1
       492	    94.956	   463.421	       2	       4
       524	   580.984	   509.874	       2	       3
       362	   252.980	   511.580	       4	       4
       356	   649.467	   997.139	       4	       2
        93	   715.827	   129.596	       3	       2
       932	   524.186	   756.170	       3	       2
       420	   657.521	   793.757	       2	       5
       381	   813.294	   584.883	       4	       4
       958	   807.512	   462.738	       4	       3
        65	   619.682	   893.427	       3	       2
        17	   451.102	   828.180	       3	       1
       968	   407.950	    50.291	       2	       2
       749	   874.748	   962.984	       4	       5
       169	   702.932	     7.340	       3	       1
       857	   184.935	   573.132	       1	       2
       998	   565.732	   572.431	       1	       3
       470	   908.808	   834.380	       1	       2
       952	   150.690	   384.716	       2	       5
       865	   845.518	    91.041	       4	       3
       208	   820.202	   581.687	       1	       2
       847	   499.341	    24.846	       3	       3
       833	    37.584	   361.796	       1	       5
       102	   147.503	   985.317	       1	       4
       364	   922.639	   868.779	       2	       4
       737	    44.155	   152.497	       3	       1
       223	   372.499	   798.826	       4	       5
        84	   619.040	   810.997	       4	       2
       409	   196.948	   928.207	       1	       5
       639	   981.080	   224.384	       3	       4
       152	   155.975	   498.967	       1	       2
       578	   539.679	   827.444	       3	       5
       225	   618.011	   667.334	       1	       1
        11	   230.990	   593.936	       2	       4
       990	   466.309	   651.976	       1	       5
       725	   491.009	   238.516	       1	       5
       342	   766.862	    25.540	       2	       2
       249	   634.281	   736.257	       3	       2
       996	   467.550	   326.792	       3	       1
       668	   666.943	   376.757	       3	       2
        72	   453.377	   612.616	       2	       5
       951	   525.712	   657.165	       1	       4
       843	   658.568	   202.899	       4	       1
       318	   181.195	   826.032	       1	       3
       294	   788.050	   380.207	       3	       3
       609	   602.865	   631.744	       3	       2
       304	   980.333	   966.411	       2	       2
       158	   222.383	   564.786	       4	       4
       619	   466.266	   358.911	       4	       2
       189	   895.642	   618.970	       2	       1
       120	   601.433	   501.793	       1	       1
       581	   725.959	   452.376	       1	       1
       360	   413.670	   732.271	       1	       5
       458	   684.310	   924.510	       2	       5
       536	   946.055	   479.271	       1	       4
       491	   200.186	    88.230	       2	       5
       318	   807.365	   569.654	       1	       2
        54	   969.538	   244.951	       4	       4
       538	    14.569	    39.578	       4	       3
       714	   215.210	   788.140	       3	       4
       375	   117.377	   272.768	       2	       4
       119	   767.424	   777.070	       3	       1
       261	    81.217	   488.209	       4	       2
       936	   998.414	   317.936	       3	       4
       988	   389.612	   314.025	       1	       3
       532	   905.203	    42.025	       2	       1
        55	   188.578	   534.400	       2	       2
       226	   440.872	   823.552	       3	       5
       600	   844.812	    83.895	       4	       3
       113	   595.270	   108.559	       3	       2
       877	   462.158	   529.256	       1	       3
       325	   512.650	   660.142	       2	       5
       875	   573.886	   694.746	       3	       4
       692	   440.319	   313.222	       1	       5
       714	   193.559	    37.778	       2	       5
       271	   113.966	   414.563	       3	       1
       612	   151.228	   226.044	       2	       2
       854	    52.491	     1.115	       1	       5
       577	   558.676	   685.717	       4	       1
       507	   847.721	   952.063	       1	       2
       308	   359.119	   391.152	       4	       1
       286	    75.311	   300.298	       2	       2
       760	   425.724	   553.752	       2	       2
        98	   602.008	   851.976	       4	       3
       974	   425.403	   794.967	       2	       2
       284	   810.721	   684.757	       2	       4
       102	   941.886	   432.107	       2	       5
       443	   869.911	   690.434	       1	       5
       221	   703.999	   216.025	       3	       5
       153	   470.299	   283.943	       2	       4
       539	   682.698	   777.821	       4	       1
       199	    13.418	   929.980	       3	       4
       145	   982.478	   190.050	       1	       5
       902	   172.077	   296.063	       2	       3
       497	   906.260	     6.210	       2	       1
       970	   807.110	   431.562	       3	       1
        65	   800.140	   210.295	       4	       4
       140	   268.936	   641.425	       2	       1
       484	   219.154	   709.589	       2	       1
       509	   428.801	   118.778	       3	       1
       142	   849.371	    82.144	       3	       4
        26	   450.380	   906.335	       1	       2
       471	   935.420	   389.239	       4	       5
       590	   352.679	   533.403	       3	       5
       296	   619.392	   963.242	       4	       1
        62	   980.699	   759.054	       4	       5
       990	   643.463	   325.540	       4	       4
       430	    45.498	    85.849	       3	       1
       364	   463.557	   536.024	       4	       1
       197	   334.751	   336.125	       1	       1
       764	   532.182	    21.685	       3	       5
       750	   284.746	   771.152	       1	       2
       553	   122.261	   384.909	       2	       1
       374	   668.289	   571.321	       2	       3
       941	   681.360	   755.743	       1	       2
       170	   867.139	   940.847	       2	       1
       828	   132.381	   612.322	       3	       4
       317	   798.620	   315.396	       1	       1
        15	   826.769	   110.077	       4	       3
       299	   646.550	    73.919	       1	       3
       138	   204.922	   319.691	       1	       2
       275	   261.421	   660.839	       1	       4
       553	   418.497	   695.152	       2	       5
       941	   541.799	   207.718	       1	       3
       866	   477.438	    82.796	       1	       2
       966	   467.460	   305.511	       2	       1
       560	   839.841	   547.575	       1	       2
       661	   870.102	   754.670	       2	       3
       310	   816.754	   529.657	       2	       5
       181	   877.801	   286.984	       4	       3
       785	   571.009	   624.180	       3	       4
       968	   964.036	   264.837	       4	       5
       122	   606.544	   652.693	       3	       2
       962	   603.948	   841.898	       1	       2
       618	   319.298	   638.948	       3	       2
       359	   681.204	   565.631	       2	       5
       446	    51.966	   307.142	       1	       1
       370	   134.546	   876.777	       2	       3
       674	   130.242	   988.822	       2	       4
       821	   655.201	   777.479	       1	       2
       701	   175.333	   573.644	       3	       4
       276	   341.147	   141.279	       4	       2
       104	    44.312	   314.929	       3	       4
       571	   233.734	   366.859	       2	       5
       796	   964.224	   291.895	       2	       2
       134	   509.139	   445.953	       1	       2
       148	   151.075	   610.633	       1	       4
        71	   523.009	   212.915	       2	       4
       945	   943.509	   249.760	       3	       5
       400	   865.686	   112.150	       3	       2
       657	   392.066	   307.589	       2	       4
       729	   283.868	   497.448	       4	       2
       918	   761.730	   489.808	       4	       1
       893	   240.484	   995.577	       4	       3
       650	   254.232	   981.109	       4	       2
       781	    84.086	   436.563	       2	       4
        61	   864.144	   972.021	       4	       5
       409	   447.899	   214.398	       4	       1
       717	   561.786	   541.121	       1	       5
        91	   736.711	   453.435	       4	       3
       325	   796.489	   967.609	       2	       1
       844	   447.508	   836.176	       3	       5
       921	   184.128	   214.147	       4	       5
       839	   828.733	   439.539	       2	       5
       970	    30.998	   168.477	       4	       1
       541	   946.728	   529.087	       1	       3
       182	   576.978	   793.485	       3	       3
       865	   875.389	    35.879	       3	       4
        71	   608.565	   191.359	       1	       2
       543	   251.660	   977.456	       3	       5
       898	   296.130	   960.797	       3	       1
       394	   532.923	   556.592	       3	       4
       329	   962.078	   646.091	       2	       2
       616	   184.496	   272.093	       1	       2
       990	   509.898	   952.091	       2	       3
       651	   343.788	   669.775	       1	       3
       350	   769.725	   666.808	       3	       3
       756	   802.866	    11.103	       4	       4
       198	   424.560	   852.970	       2	       1
       214	   204.122	   778.326	       1	       3
        32	    67.089	   684.924	       1	       1
       152	   198.648	   740.782	       1	       1
       418	   272.401	   156.572	       1	       3
       184	   598.789	   718.775	       3	       3
       758	   873.083	    96.818	       3	       2
       501	   128.231	   706.949	       3	       2
     2.632	   128.732
   776.206	   771.927
   491.557	   951.776
   204.387	   562.781
   729.247	   688.555
   315.654	    26.348
   883.818	   989.076
   180.234	   318.457
   938.551	    23.904
   970.750	   808.564
   304.485	   973.253
   862.486	   737.589
   842.179	     2.736
   424.613	    63.361
   363.684	   584.269
   282.437	   335.715
   993.237	   881.833
   255.751	   873.669
   920.676	   987.519
   428.335	   715.832
   935.427	   876.884
   838.845	   319.650
   155.777	   111.177
   574.283	   865.364
   673.503	   303.473
   405.820	   419.332
     4.877	   646.030
   325.331	   605.099
   838.945	   420.923
    62.824	   386.151
   105.420	   122.681
   701.787	   533.862
   514.158	   232.854
   498.167	   754.808
   373.610	   674.871
   603.514	    71.927
   851.469	   989.265
   276.923	   780.457
   844.761	   227.826
   416.619	    30.743
   500.984	   478.372
   729.623	   352.742
   258.722	   546.511
   921.637	   659.664
   702.069	   797.220
   618.930	    13.544
   273.009	   714.296
   695.848	   295.314
   257.215	   986.403
   816.453	   846.242
    11.472	   560.401
   166.538	   597.766
   557.829	   192.076
   712.281	   226.252
   492.481	   154.013
   877.810	   377.814
   975.870	   111.955
   464.277	   511.273
   767.987	   638.478
   494.772	   122.212
   665.099	   344.196
   224.875	    70.348
   109.542	   525.761
   979.009	   650.290
   814.995	   615.472
   285.384	   813.870
   585.828	   235.566
   380.071	   618.182
   176.338	   302.829
   418.835	    88.768
   297.188	   305.261
    16.624	    71.356
   387.368	   958.574
   920.913	   727.165
   828.200	   101.461
   574.075	   786.269
   318.647	   352.155
   231.264	   911.435
   956.020	   495.497
   564.610	   872.693
   217.605	   220.530
   249.482	   367.192
   959.596	   366.837
   238.814	    97.133
   106.714	   331.014
   183.962	   659.710
   766.225	   466.543
   708.764	   879.232
   437.942	   269.670
   793.805	   354.819
   517.513	   320.354
   413.598	   551.738
   117.442	   188.219
   883.911	   173.244
   275.593	   939.482
   616.261	   376.648
   984.580	   587.098
   189.418	    55.152
   965.188	   140.858
   652.715	    96.359
    73.366	   349.241
   698.827	   628.265
   914.929	   192.808
   770.180	   780.519
   670.264	   167.712
   571.087	   452.809
   302.325	     1.350
   567.024	   615.938
   195.739	    12.462
   311.992	   114.799
