1000	300	30	2000	
       512	   512.061	   958.189	       2	       2
       142	   617.461	   683.171	       4	       4
       275	   432.356	   741.964	       1	       5
       134	   847.700	   982.881	       1	       2
       394	   454.059	   416.101	       4	       2
       228	    15.404	   531.583	       2	       4
       415	   873.068	   679.213	       4	       4
       517	   656.202	   512.875	       2	       5
        84	   823.003	   299.112	       4	       1
       159	   951.776	   105.385	       1	       2
       256	    50.912	   284.932	       1	       2
       427	   235.072	   768.853	       2	       1
       897	    63.343	   640.783	       1	       5
       176	   421.658	   801.331	       4	       1
       815	   863.829	   517.121	       2	       1
       565	    81.624	   232.100	       1	       3
       113	   473.112	   627.962	       3	       3
       555	   125.543	   304.005	       2	       3
       105	   772.886	    29.529	       3	       2
       435	   841.422	   903.331	       1	       3
       209	    43.291	   420.370	       3	       2
        79	   486.441	   426.131	       2	       5
       720	   239.411	   741.252	       3	       3
        33	   952.474	   948.458	       1	       3
       736	   943.893	    72.516	       4	       5
       116	   613.934	   172.701	       1	       4
        49	   973.487	   322.357	       3	       4
        41	   344.861	   248.424	       1	       1
       303	   897.851	   495.495	       2	       3
        48	   434.595	   824.460	       3	       1
       194	   235.815	   853.972	       3	       3
       865	   940.828	   595.830	       1	       2
       934	   684.218	   240.174	       4	       3
       430	    64.912	   186.493	       4	       5
       588	   870.425	   743.391	       2	       4
       788	   701.380	   237.214	       2	       5
       478	   604.927	   539.491	       4	       4
       906	   732.375	   749.281	       3	       1
        26	   253.439	   228.249	       1	       2
       808	   600.489	   174.501	       3	       4
       909	   814.619	    39.736	       2	       5
       518	    54.114	   147.569	       2	       1
       984	   130.511	   851.439	       2	       1
       886	   842.446	   104.636	       4	       4
       709	   618.346	   223.645	       4	       5
       575	   531.288	    32.757	       2	       2
       131	   248.291	   676.357	       3	       3
       762	   295.079	   231.703	       2	       5
       253	   872.686	   413.592	       2	       1
       896	   421.666	   139.301	       1	       5
       975	    64.430	   377.217	       1	       1
       827	   896.985	   424.437	       2	       1
       468	   203.381	   472.965	       1	       2
       885	   826.228	   422.842	       1	       1
       696	   881.771	   102.757	       2	       2
       165	   486.751	   772.580	       4	       5
       683	   598.465	   137.206	       4	       1
       850	   527.267	   424.292	       3	       2
       590	   624.821	   271.956	       2	       2
       561	   855.042	   301.008	       1	       1
       938	   282.139	   672.421	       3	       5
       875	   883.756	   517.787	       4	       1
       913	   567.690	   190.087	       4	       4
       555	   115.103	   469.134	       3	       5
       968	   227.001	   339.541	       2	       4
       792	   595.982	   704.497	       2	       5
        87	   239.446	   226.095	       2	       2
       949	   131.416	   844.988	       4	       1
        71	   161.848	   526.230	       1	       3
       863	   844.873	   500.620	       1	       2
       558	   602.184	   253.686	       2	       4
       790	   963.567	   186.156	       4	       5
       516	   345.679	   471.819	       1	       3
       447	   595.625	   981.824	       3	       2
       896	   598.985	   132.906	       1	       3
       292	   615.704	   283.462	       1	       5
       860	    59.177	   800.641	       2	       2
       772	   750.317	   664.777	       4	       5
       905	   948.209	   278.758	       2	       5
       493	   534.679	   314.648	       3	       3
       534	   192.556	   419.948	       4	       2
       755	   752.926	   602.787	       1	       5
       877	     7.319	   719.339	       1	       3
       291	   328.256	   857.300	       2	       4
       751	   917.606	   681.111	       4	       5
       395	   588.367	   236.982	       3	       5
       502	   855.190	   925.721	       4	       3
       691	   604.672	   781.195	       4	       4
       629	   822.578	   307.381	       3	       5
       577	   879.484	   304.966	       2	       5
       577	   320.986	   881.168	       1	       3
       458	   122.955	   126.078	       3	       2
       665	   721.303	   633.461	       2	       1
       486	   440.347	   277.713	       4	       1
       306	   126.736	   827.200	       4	       5
       326	   589.824	   364.523	       3	       1
       592	    36.068	   733.366	       4	       2
       443	   200.182	   192.418	       2	       4
       188	   788.301	   481.446	       1	       3
       682	    12.097	   803.595	       4	       5
       228	   303.346	   396.988	       2	       4
       286	    21.376	   161.574	       2	       2
       318	   997.485	   648.982	       4	       4
       560	   582.030	   753.326	       3	       2
       459	   293.376	   280.193	       1	       1
       730	   928.949	   451.362	       1	       2
       963	   507.119	   900.449	       3	       5
       830	   454.692	   871.986	       3	       1
        99	   587.872	   707.188	       4	       1
       797	   264.138	   590.901	       4	       3
       586	   305.288	   817.382	       4	       5
        52	   371.655	   907.645	       4	       4
       825	   244.448	     2.508	       2	       2
       927	   584.547	   397.228	       4	       5
       107	   695.846	   561.410	       4	       1
        11	    71.947	   733.923	       1	       3
        99	   971.083	    87.473	       3	       3
        48	   753.071	   399.755	       3	       3
       918	   806.163	   279.621	       3	       4
       890	   751.640	   423.510	       1	       5
        28	    80.061	   497.979	       1	       3
       983	   481.696	   660.015	       4	       4
       983	   445.673	   496.236	       4	       3
       482	   672.473	   620.468	       2	       1
       502	   448.737	   582.440	       2	       5
       484	   704.313	   428.332	       2	       2
       477	   681.645	     4.976	       4	       1
       305	   697.149	   194.516	       1	       4
       876	   618.601	   320.207	       1	       4
       137	   150.981	   146.978	       2	       4
       281	   760.802	   598.664	       2	       4
       303	   781.046	   611.499	       3	       4
       496	   904.103	   500.093	       1	       1
       174	   233.769	   320.849	       2	       5
       364	   176.679	   653.258	       3	       3
       137	   391.099	   190.283	       3	       5
       248	   320.565	     5.881	       1	       4
       779	   815.477	   734.942	       4	       1
        42	   613.526	   443.504	       2	       5
       680	   760.002	   697.842	       4	       3
        17	   427.665	   185.043	       4	       4
       122	    99.441	    62.620	       2	       1
        60	   115.035	   378.109	       1	       2
       700	   373.407	   695.997	       4	       1
       170	   193.848	   102.818	       1	       2
       821	   820.746	   195.834	       4	       2
       947	   599.636	   453.953	       1	       1
       719	   688.845	   621.149	       3	       4
        11	   491.110	   750.124	       1	       5
       619	    88.174	   109.735	       4	       1
       384	   235.078	   624.624	       4	       1
       189	   461.602	   387.361	       2	       5
       552	   198.592	   670.090	       1	       5
       604	    25.476	   203.560	       2	       1
       699	   729.398	   527.919	       1	       4
       347	   724.917	   172.163	       1	       4
       988	   330.392	    18.681	       3	       5
       745	   843.494	   486.950	       1	       2
       465	   428.442	   184.178	       2	       4
       775	   864.686	   638.343	       3	       3
       415	   657.065	   536.575	       4	       5
       540	   581.036	   774.945	       1	       1
       696	   200.727	   392.960	       2	       2
       182	   529.547	   989.452	       4	       3
       741	   894.432	   515.215	       2	       4
       147	   304.994	   478.823	       1	       1
       398	   870.946	   749.442	       3	       2
        87	   908.745	   572.688	       1	       5
       521	   329.845	   362.465	       1	       1
       841	   683.074	   489.245	       1	       2
       161	   899.221	   189.138	       1	       3
       105	    75.697	   393.583	       2	       4
       765	   878.588	    29.962	       3	       2
       197	   190.839	   462.529	       1	       5
       751	   849.769	   274.474	       2	       5
       647	   667.119	   526.716	       1	       4
        74	   344.339	    29.272	       3	       2
       988	   151.376	   555.087	       4	       4
       425	   635.371	   292.998	       2	       5
       651	   847.788	   577.491	       3	       2
        94	   821.849	   732.770	       1	       1
       984	   628.240	   440.338	       1	       4
       243	   956.302	   663.157	       4	       5
        78	   589.923	   238.910	       3	       5
        64	   197.833	   998.599	       3	       4
        35	   429.331	   242.879	       3	       5
       477	   336.746	   940.828	       1	       2
       421	   991.945	   217.220	       2	       2
       772	   380.236	   497.564	       3	       1
       578	   992.701	   821.177	       3	       1
       614	   518.804	   716.588	       3	       5
       786	   172.280	   705.580	       3	       2
       961	    74.574	   440.441	       4	       2
       887	   370.306	   754.175	       4	       2
       342	   123.419	   919.954	       1	       4
       184	   634.519	   441.352	       3	       5
       955	   413.920	   527.965	       4	       2
        21	   990.916	    66.036	       2	       1
       146	   929.956	   390.773	       2	       5
       455	   149.236	   467.239	       3	       4
       852	   394.882	   895.138	       1	       4
       161	   461.580	   110.557	       3	       5
       354	   560.949	   731.138	       1	       1
       227	   780.364	   545.471	       3	       5
       476	   487.194	   606.535	       2	       1
       220	   419.994	    29.783	       2	       5
        15	   262.000	   146.747	       2	       3
       889	   910.806	   283.983	       3	       2
       692	    22.272	     4.872	       2	       1
       824	   821.122	   669.158	       2	       3
       543	   188.468	   870.258	       1	       2
       957	   685.757	   546.968	       3	       4
       127	   355.209	   543.164	       1	       5
       595	   974.213	   615.726	       4	       1
       948	   122.772	   302.182	       2	       2
       919	   187.570	   366.732	       1	       5
       668	   889.442	   574.940	       2	       3
       161	   583.406	   809.217	       2	       4
       567	   309.246	   201.597	       4	       4
       489	     0.764	   327.524	       1	       4
       391	   227.598	   742.921	       2	       2
       574	   145.404	   340.920	       4	       1
       939	   203.434	    47.611	       2	       1
       704	   896.323	   156.357	       2	       5
       920	   873.094	   193.865	       3	       2
       963	   700.289	   495.112	       2	       2
       377	   470.498	   635.125	       1	       3
       455	   827.136	   880.220	       1	       1
       690	   495.826	   902.537	       4	       5
       763	   363.489	   307.161	       3	       3
       338	   275.603	   753.380	       2	       5
       971	   924.741	   282.428	       1	       2
       288	   386.989	   368.577	       4	       5
        12	   492.881	   292.727	       4	       2
       224	   254.438	   413.691	       1	       1
       267	   884.967	   214.716	       4	       2
        82	   383.263	   318.986	       2	       2
       317	   297.575	   121.920	       3	       5
       465	   717.595	   963.018	       4	       1
       890	   190.870	   503.983	       2	       1
       737	   118.193	   923.101	       2	       1
        87	   836.998	   746.160	       1	       5
       840	   744.136	   457.705	       2	       5
       570	   590.521	   754.622	       1	       4
       266	   242.892	   628.023	       2	       2
       564	   623.247	   303.758	       1	       2
       305	   638.355	   521.659	       2	       3
       525	   327.569	   712.312	       4	       4
       451	    67.489	   305.314	       2	       3
       821	   880.539	    12.523	       2	       2
       575	   459.957	   268.263	       4	       4
       949	   763.873	   796.745	       2	       2
       980	   253.889	   929.993	       1	       4
       876	   591.387	   625.331	       3	       1
       875	   428.795	   132.807	       2	       5
       853	   382.101	   757.570	       4	       2
       709	   126.713	   526.905	       1	       3
       332	   244.267	   753.869	       1	       3
       852	    79.342	   858.612	       3	       3
       613	   302.858	   947.542	       2	       5
       271	   741.705	   654.538	       4	       3
        36	   615.016	   854.258	       1	       3
       973	   672.411	   742.588	       3	       3
        41	     8.383	   727.101	       3	       4
       533	   678.377	   858.791	       3	       5
       397	   503.181	   923.003	       1	       5
       704	   230.908	   902.076	       2	       2
       139	   174.897	   395.750	       4	       2
        23	   184.983	    84.021	       4	       3
        69	   844.260	   829.574	       4	       5
       902	   982.590	   538.932	       2	       4
       450	   913.740	   542.076	       2	       2
       731	   347.369	   825.175	       2	       1
       146	   780.225	    31.984	       3	       4
        48	   546.455	   877.960	       1	       3
       398	   816.442	    34.634	       4	       3
       336	   483.727	   693.195	       1	       2
       854	   589.951	   587.484	       3	       2
       851	   787.263	   641.749	       1	       5
        15	   100.235	   374.080	       2	       3
       473	   537.007	   275.462	       1	       4
        94	   365.983	   509.409	       4	       5
       197	   604.307	   885.823	       3	       5
        41	   958.803	   565.290	       4	       3
       484	   392.823	   663.149	       1	       2
        17	   392.973	   441.379	       3	       1
       245	   790.637	   972.139	       3	       4
       332	   645.078	   742.522	       1	       3
       170	   393.884	   354.903	       2	       1
       952	   688.955	   653.531	       4	       4
       469	   404.002	   542.616	       1	       2
       860	   136.113	   884.056	       1	       3
       310	   450.643	   275.054	       1	       3
       842	   334.419	   108.067	       2	       4
       559	   217.969	   191.272	       3	       1
       185	   925.775	   387.046	       4	       2
       467	   689.639	   854.060	       2	       1
       484	   598.821	   270.845	       1	       1
       350	   746.657	   626.359	       1	       4
       793	   541.971	   623.552	       4	       3
       459	   700.533	   408.047	       1	       1
        62	   930.560	    50.335	       2	       2
       719	   862.617	   744.834	       3	       1
       972	   167.442	   295.726	       1	       5
       355	   263.139	   398.458	       1	       1
        38	    71.610	   377.240	       4	       2
       797	   978.673	   663.603	       3	       5
       795	   236.384	    86.333	       4	       5
       783	   660.598	   549.890	       3	       3
       247	    89.631	    15.422	       4	       5
       217	   210.771	   983.039	       4	       5
       404	   502.824	   598.427	       4	       5
       264	   104.954	   384.114	       3	       5
       423	   388.873	   146.748	       4	       5
       155	   537.988	   696.878	       3	       2
       219	   339.204	   905.808	       4	       4
       440	   555.900	   318.109	       4	       1
        17	   536.768	   766.492	       2	       3
        27	   390.610	   287.498	       4	       5
       764	   696.270	   957.225	       3	       1
        96	   678.482	   702.316	       1	       2
       327	   687.303	   625.016	       4	       2
       330	   561.491	   930.735	       3	       3
       529	   358.080	   269.042	       1	       1
       807	   613.112	   923.616	       1	       4
       705	   935.736	   678.083	       1	       4
       806	   596.889	   771.363	       4	       3
       894	   979.590	   571.635	       4	       3
       493	   441.007	   833.905	       1	       3
        53	   739.612	   698.282	       4	       4
       492	    37.604	   146.609	       2	       4
        65	   764.727	   612.461	       3	       1
       242	   518.282	   279.320	       3	       3
       271	     5.317	   915.879	       4	       4
       316	   277.200	   198.232	       4	       3
       870	   534.832	   285.716	       2	       1
       201	   767.963	    47.655	       4	       5
       702	    53.093	   447.579	       4	       5
       115	   549.053	   557.588	       2	       2
       940	   800.995	   573.561	       4	       4
       236	   649.583	   905.377	       1	       4
       989	   931.447	   347.414	       3	       2
       855	    74.731	   447.528	       3	       2
       175	   276.806	   851.238	       3	       2
       483	   919.238	   576.829	       1	       4
       960	   765.005	   653.993	       3	       3
       270	   599.740	   278.359	       3	       4
       821	   832.968	   487.471	       2	       3
       149	   896.043	   620.952	       1	       4
       551	   972.720	   133.394	       1	       5
       854	   998.521	    32.909	       1	       1
       483	   139.649	   113.411	       1	       1
       426	    70.542	   477.461	       3	       2
       700	    73.467	    24.027	       2	       2
       242	    14.744	   626.209	       4	       4
       701	   971.820	    97.583	       4	       5
       692	    94.767	   250.962	       2	       2
       417	   841.737	   426.493	       1	       2
       893	   685.173	   115.827	       3	       1
       135	   487.557	   270.552	       3	       1
       611	   346.695	    21.080	       2	       2
        53	   353.648	   985.046	       3	       5
       264	   253.839	   611.574	       2	       2
       380	   911.018	   378.354	       3	       4
       893	   725.643	    26.528	       2	       4
       626	    25.926	   389.839	       3	       4
       866	   461.521	   452.559	       1	       5
       105	   281.301	   931.003	       1	       1
       294	    28.966	   278.504	       3	       5
        74	   884.682	   614.782	       3	       1
       124	   771.005	   665.168	       1	       2
       224	   329.735	   185.961	       2	       1
       776	   796.559	   505.763	       3	       5
       836	   324.638	   786.501	       1	       4
       866	   307.882	    96.579	       3	       4
       649	   928.109	   606.035	       4	       2
       317	   976.916	    26.060	       1	       4
       928	   523.555	     7.047	       4	       3
        20	   951.935	    59.529	       2	       3
       885	   887.996	   481.400	       1	       2
       553	   518.033	   925.704	       1	       4
       510	   372.749	   405.557	       4	       5
        19	   710.355	    75.033	       4	       3
       113	   455.643	   861.352	       3	       4
       144	   605.213	   519.298	       4	       4
       680	   990.406	   318.936	       1	       4
       845	   773.916	   963.032	       4	       5
       668	   334.276	   938.262	       3	       3
       662	    88.998	   260.019	       4	       2
       339	   184.906	   201.392	       2	       1
        84	   526.852	   588.909	       3	       1
       357	   417.102	   842.518	       1	       5
       971	   800.660	   336.721	       4	       3
       223	   933.202	   586.429	       1	       1
       575	   177.865	   162.245	       1	       1
       180	   860.067	   194.594	       1	       2
       656	   957.395	   761.335	       3	       1
       403	   959.471	   150.098	       3	       4
       174	    37.863	   265.907	       4	       1
       481	    57.584	   689.495	       4	       3
       197	     5.797	    15.089	       1	       2
       786	   312.681	    32.194	       3	       5
       447	    55.698	   287.526	       2	       5
       993	   293.862	   336.623	       4	       1
       540	   356.016	   362.216	       2	       1
       116	   953.677	   807.191	       2	       3
        31	   476.951	    35.981	       1	       3
        77	   278.238	   358.395	       2	       1
       519	   503.005	   638.278	       3	       3
        24	   643.358	   143.004	       2	       1
        30	   111.246	   857.739	       3	       3
       390	   758.062	   645.564	       3	       3
       991	   851.946	   115.293	       2	       5
       275	   844.250	   208.097	       1	       1
       564	   890.507	   745.498	       2	       4
       972	   381.842	   403.407	       3	       3
       798	   443.805	   484.470	       4	       2
       373	   101.581	   887.455	       3	       5
       922	   225.807	   137.444	       1	       4
       836	   971.320	   964.373	       1	       2
        87	   284.624	    42.630	       1	       3
        52	   907.396	    99.440	       4	       4
       301	   890.552	   223.238	       3	       1
       853	   922.504	   806.585	       1	       4
       166	   156.150	   455.873	       4	       1
       756	   879.722	   653.251	       4	       1
        95	   631.995	   174.321	       4	       5
        44	   210.628	   166.722	       2	       3
       950	   345.116	   520.848	       4	       5
       244	   159.919	   740.294	       1	       2
       230	   444.348	   462.474	       3	       3
       732	    83.775	   869.614	       3	       3
       402	   165.318	   660.412	       4	       5
       808	   197.196	   249.090	       1	       3
       586	   691.027	   234.902	       2	       5
       727	   573.803	   374.047	       2	       4
       284	   873.323	   756.616	       3	       2
       176	   244.634	   937.938	       2	       3
       254	   629.608	   861.906	       4	       3
       917	    34.431	   261.611	       3	       2
       962	   516.198	   412.279	       1	       5
       190	   863.226	   611.544	       2	       2
       733	   984.127	   546.834	       2	       1
       854	     9.873	   389.275	       1	       3
       974	   252.841	   101.421	       2	       3
       503	   223.850	   712.245	       4	       3
        35	    47.538	    88.135	       4	       1
       754	    10.172	   866.077	       2	       4
       365	   490.195	   863.448	       3	       5
       591	    45.482	   708.451	       4	       5
       553	   278.328	   486.425	       3	       4
        69	   639.975	   699.147	       1	       5
       328	   294.692	   394.987	       3	       3
        39	   269.655	   797.496	       1	       2
       332	   590.547	   786.417	       3	       5
       645	   380.534	   155.529	       4	       2
        42	   702.523	   317.818	       1	       3
       849	   496.124	   343.983	       3	       3
       259	   633.209	   364.170	       3	       4
       966	   353.394	   566.646	       1	       5
       359	   287.044	    41.687	       4	       1
       210	   133.207	   659.970	       3	       2
       933	   937.080	   201.632	       1	       1
       875	   804.836	   416.463	       4	       5
       999	   938.029	   450.893	       3	       1
        78	   185.381	   348.727	       4	       1
       560	   933.156	   383.280	       4	       5
       326	   935.753	   180.306	       1	       3
       107	   283.545	    68.130	       2	       2
       512	   274.634	   551.257	       3	       3
       787	   551.432	   595.867	       2	       1
       845	   185.289	   145.500	       1	       1
       344	   442.101	   230.942	       4	       4
       841	   185.318	   286.377	       3	       5
       798	   947.376	   830.751	       3	       2
       429	   493.825	   153.421	       3	       5
       449	   963.918	   552.139	       1	       3
       765	   644.942	   568.140	       2	       2
       166	   484.316	   343.420	       3	       1
       695	   967.695	   350.617	       4	       4
       102	   143.190	   959.112	       2	       1
       450	   632.330	   553.344	       2	       2
       900	   661.888	   652.731	       2	       1
       829	   433.840	   490.740	       2	       5
       526	    59.357	   646.650	       1	       5
       729	   492.723	   605.251	       2	       4
       981	   465.134	   145.173	       3	       3
        41	   806.747	   334.681	       2	       4
       750	   256.661	   460.434	       1	       1
        86	   391.430	   127.822	       1	       4
       446	   240.172	   363.073	       3	       5
       260	   686.443	   228.142	       3	       4
       816	   989.883	   847.503	       4	       4
       605	   177.430	   341.474	       2	       5
       730	   821.447	   226.789	       1	       5
       889	   230.989	   408.181	       1	       3
       494	    57.976	   683.064	       1	       1
        84	   138.817	    65.622	       3	       3
       592	   935.153	   180.729	       4	       2
       932	   888.542	   694.307	       3	       3
       750	   289.260	   752.257	       1	       3
       195	   947.764	   617.754	       2	       3
       808	   849.931	   879.199	       4	       3
       109	   434.655	   168.800	       2	       4
       458	   468.050	   703.548	       2	       1
       816	   629.853	   917.260	       3	       3
       924	   158.032	   150.740	       2	       2
        51	    14.782	   243.764	       2	       5
       508	   265.512	   546.685	       1	       3
       873	    15.444	   344.119	       2	       1
       835	   674.499	   690.639	       3	       2
       698	   551.469	    57.568	       1	       3
       692	   321.648	   160.764	       4	       5
       379	   780.202	   716.238	       1	       3
       252	   145.785	   970.619	       1	       2
       958	   244.881	   929.550	       3	       5
       672	   292.314	   901.067	       4	       5
       586	   195.932	   127.743	       2	       4
       976	    87.939	   145.929	       2	       3
       199	   869.976	    72.265	       2	       2
       198	    88.189	   542.540	       1	       1
       375	   683.710	   882.486	       1	       2
       106	   120.401	   531.792	       1	       5
       165	    10.699	   781.715	       3	       5
       266	   557.268	   188.454	       2	       4
       676	   907.109	   863.111	       3	       5
       828	   860.457	   187.425	       4	       2
       286	   338.451	    54.764	       4	       3
       772	    27.159	   421.491	       3	       2
        36	   800.859	   555.104	       1	       4
       971	   805.985	   970.742	       2	       1
       367	   868.488	    91.754	       4	       1
       983	   669.647	   273.918	       1	       5
       498	   807.779	   105.107	       4	       3
       796	   897.498	   390.440	       2	       1
       966	   453.830	   289.011	       3	       5
       263	   557.825	   513.300	       3	       1
       476	   506.131	   348.257	       1	       4
       752	   691.984	   928.228	       3	       1
       325	   682.907	   789.948	       4	       2
       639	   520.314	   861.011	       3	       5
       379	   828.468	   129.501	       3	       2
       584	   505.779	   575.070	       3	       4
       508	   824.859	   214.783	       1	       4
       688	   281.845	   868.239	       2	       3
       673	   178.495	    15.019	       3	       5
       590	   969.871	   105.744	       4	       2
       719	   741.940	   376.057	       1	       5
       199	   259.792	   402.094	       1	       3
       353	   581.235	   277.220	       2	       5
       460	   955.262	    96.063	       2	       3
       797	    80.754	   118.730	       2	       4
       769	    83.534	   317.945	       1	       4
       686	   619.135	   950.793	       3	       1
       795	   224.493	   207.407	       4	       2
       159	   765.184	   747.280	       3	       3
       215	   568.153	   258.189	       3	       5
       372	   666.188	    37.240	       1	       4
       898	   107.814	    16.052	       3	       4
       765	    84.283	   152.706	       1	       2
       676	   625.121	   462.084	       4	       1
       763	   409.731	   755.901	       4	       5
       426	    87.253	   728.815	       4	       5
       530	   371.064	   352.389	       4	       3
       914	   672.144	   479.139	       4	       1
       926	   189.587	   814.074	       1	       3
        78	   895.729	   838.403	       3	       2
       604	   949.846	   319.917	       4	       3
       320	   961.573	     4.265	       2	       4
       735	   730.083	    46.931	       3	       3
       393	   406.288	   737.807	       3	       4
       743	   743.749	   272.632	       1	       4
       513	   287.987	   481.486	       3	       4
       724	   314.417	   192.031	       2	       3
        99	   605.896	   847.113	       3	       2
       801	   594.847	   503.378	       1	       5
       872	   878.661	   527.160	       3	       1
       996	   254.601	   288.080	       4	       2
       791	   766.188	   511.999	       1	       3
       405	   941.013	     1.964	       2	       1
       948	     1.033	   277.295	       1	       1
       404	   476.089	   348.763	       3	       1
       226	   657.040	   283.951	       3	       1
        34	   843.323	    85.952	       3	       3
       825	   183.739	   521.781	       2	       3
       259	   856.159	   788.479	       3	       2
       462	   364.365	   942.598	       3	       5
       949	   892.274	   497.290	       4	       1
       741	    27.712	   593.754	       2	       3
       643	    85.390	   290.860	       1	       1
       151	   981.410	   149.160	       4	       1
        16	   609.502	   131.872	       2	       1
        12	   417.632	   732.361	       4	       4
       333	   169.214	   734.469	       2	       2
       359	   649.901	   179.350	       4	       4
       244	    36.975	   413.560	       3	       3
       398	   311.614	   594.144	       3	       3
       166	   323.479	   125.282	       1	       5
        45	   607.442	   785.369	       3	       1
       988	   650.831	   619.992	       1	       1
       368	   846.055	   615.222	       1	       5
       215	   927.581	   701.208	       1	       3
       184	   660.458	   987.183	       3	       2
        88	   578.174	   562.394	       4	       2
       627	   398.716	   864.416	       3	       4
       400	   966.612	   418.709	       1	       4
       229	   154.079	   654.469	       1	       2
       858	   895.087	   925.261	       4	       3
       158	   311.013	   664.151	       1	       1
       161	   548.489	   303.081	       2	       1
       841	   682.066	   619.946	       3	       4
       493	   236.470	   351.318	       2	       4
       721	   167.737	   322.367	       3	       2
       272	   508.482	   610.205	       1	       2
       799	   791.864	   160.323	       2	       1
       970	   692.414	   486.739	       4	       1
        60	   118.973	   945.634	       2	       2
       100	   900.742	   383.914	       2	       3
        19	   479.738	   188.963	       2	       5
       627	   946.677	   468.839	       2	       3
       870	   553.434	   840.908	       3	       2
       973	    84.802	   842.668	       3	       5
       607	   202.463	   827.803	       1	       1
       505	   854.238	    11.476	       2	       5
        43	   705.927	   267.040	       1	       4
       465	   894.940	   999.876	       3	       3
       131	   329.146	   119.683	       4	       3
       402	   528.001	   490.089	       3	       4
       497	   650.398	   790.026	       2	       1
       829	   594.291	   122.214	       2	       1
        43	   231.463	   662.409	       3	       4
       648	   426.821	   488.080	       1	       5
       877	   248.111	   194.290	       1	       5
       455	   845.615	   878.630	       2	       3
       529	   986.677	   181.487	       4	       1
       837	    66.571	   639.053	       1	       3
       435	   713.928	   740.827	       2	       4
        37	   330.116	   562.673	       2	       4
       829	   625.435	   628.842	       1	       2
       306	   258.130	   118.965	       1	       4
       900	   651.008	   308.037	       1	       2
       465	   371.147	   586.962	       3	       3
       878	   294.821	   395.464	       4	       5
       567	   911.763	   663.946	       3	       4
       872	   942.499	   851.955	       1	       1
       659	   613.550	   190.222	       4	       1
       761	   214.468	   903.273	       3	       3
       994	   939.419	   383.176	       1	       3
        56	   750.454	   943.124	       3	       3
       643	   751.090	   617.382	       1	       2
       580	   211.721	   790.096	       1	       1
        31	   830.157	   514.775	       1	       2
       960	   240.095	   531.145	       2	       2
       266	   631.621	   327.594	       4	       2
       669	   710.740	   129.365	       1	       3
       157	   742.383	   383.822	       3	       2
       863	   390.265	   214.976	       3	       2
        37	   759.825	    32.865	       1	       5
       107	   902.936	   274.887	       3	       1
       754	   587.420	   180.576	       3	       3
       248	    90.410	   875.530	       4	       1
       756	   128.976	    81.237	       2	       4
       415	   105.263	   183.896	       1	       3
       360	   172.727	   704.031	       4	       3
       249	   126.431	   919.226	       1	       1
       412	   778.301	   251.458	       1	       2
       717	    39.412	    21.301	       4	       2
       301	   241.558	   960.504	       1	       4
       105	   879.066	   682.221	       4	       2
        39	   973.519	   310.663	       4	       4
       369	   605.422	   472.373	       4	       4
       288	   976.238	   599.256	       1	       3
       450	    43.452	   373.869	       1	       4
       257	   948.573	   874.488	       3	       5
       788	   311.296	   726.173	       4	       1
       820	   798.973	   954.341	       2	       1
       594	   810.629	   351.066	       4	       2
       553	   859.999	   937.174	       2	       4
       918	   458.551	   479.101	       2	       5
       604	   930.644	   642.323	       1	       5
       657	   257.893	   736.647	       4	       4
       737	   934.445	   809.338	       1	       2
       146	   619.120	   396.259	       4	       4
       327	   985.445	   447.946	       3	       1
        33	    32.644	   817.277	       3	       1
       504	   725.167	   717.557	       3	       5
       300	   565.554	   940.849	       3	       5
       261	   492.424	   979.598	       3	       2
       141	   259.218	   178.913	       3	       5
       321	   326.831	   227.919	       3	       1
       506	   249.462	   715.986	       3	       2
       884	   219.268	   747.383	       1	       2
       974	   799.661	   603.180	       3	       4
        25	   502.395	   877.300	       2	       3
       290	    83.190	   251.990	       3	       2
       584	   776.984	   339.487	       2	       3
       116	   533.649	   494.647	       3	       5
       131	   739.388	   315.027	       3	       2
       548	   515.394	   545.439	       4	       2
       620	   399.946	   682.478	       2	       2
       247	   986.247	   220.367	       1	       5
       569	    28.243	   485.337	       1	       4
       481	   932.764	   992.981	       2	       4
       498	   930.855	   324.161	       2	       2
       173	   390.919	    35.362	       4	       1
       510	   214.465	   817.352	       3	       3
       666	   619.213	   503.307	       2	       2
       225	   177.972	    52.784	       2	       3
       249	   803.208	   890.305	       3	       4
       484	   253.934	   404.514	       2	       5
       984	   290.806	   929.273	       4	       5
       353	   915.916	   402.078	       4	       2
       195	   902.917	    76.832	       2	       5
       290	   535.381	   245.301	       3	       4
       961	   862.839	   350.261	       4	       5
       827	   352.533	   750.728	       3	       2
       318	   997.884	   184.748	       2	       4
       802	   433.690	   430.974	       4	       5
       409	   294.812	   873.245	       4	       1
       205	    41.574	   533.761	       4	       1
        83	   989.707	   103.155	       3	       4
       184	   464.888	    24.522	       2	       1
       414	   734.585	   705.810	       4	       3
       332	   640.808	   979.127	       4	       4
        22	   723.093	   785.165	       1	       1
       419	    51.111	   764.726	       1	       5
       650	   920.045	   675.448	       2	       5
       107	   926.841	   795.503	       1	       5
       236	   551.995	    40.018	       2	       4
       983	   963.916	   264.682	       2	       4
       149	   280.956	   695.398	       3	       4
       356	   602.147	   866.988	       3	       5
       802	   396.463	   674.607	       4	       1
       253	   628.023	   176.276	       3	       2
        64	   300.632	   936.308	       1	       2
       885	   819.358	   903.379	       1	       3
       774	    69.786	    86.679	       3	       2
       883	    41.878	   193.000	       1	       3
       697	    49.396	   275.193	       3	       1
       471	   150.455	   738.412	       4	       2
       897	   395.350	   859.373	       4	       4
       306	   955.390	   578.322	       2	       4
       453	   110.795	   199.646	       3	       1
       752	   647.553	   415.090	       1	       2
       857	   527.622	   137.859	       2	       1
       611	   353.242	   917.396	       1	       2
       809	   198.199	   764.531	       4	       3
       504	   220.594	   510.214	       1	       4
       834	    43.822	   453.575	       3	       1
       764	   713.164	    97.842	       2	       4
        43	   653.840	   318.675	       4	       5
       432	   443.770	   120.633	       4	       5
       998	   718.939	   782.338	       3	       2
       501	   109.976	   544.884	       4	       3
       414	   938.719	   227.277	       1	       3
       920	   847.627	   224.203	       3	       4
       531	   659.036	   260.398	       1	       4
       500	   378.831	   308.873	       2	       2
       333	   416.567	   387.705	       4	       3
       603	   482.154	   297.549	       4	       4
        89	   935.284	   679.556	       4	       5
       909	   863.593	    35.074	       1	       2
       185	   477.924	   328.110	       4	       3
       464	   554.518	   745.292	       1	       5
       436	   875.404	   942.808	       4	       2
       655	   949.264	   802.733	       1	       4
       414	   639.185	   240.826	       1	       3
       963	   748.520	   232.915	       3	       2
       197	   351.625	   190.337	       3	       2
       960	   918.028	   882.498	       4	       1
       983	   836.752	   237.856	       1	       5
       802	   552.056	   758.181	       3	       3
       324	   867.627	   261.050	       3	       3
       760	   849.872	    33.082	       2	       3
        89	   808.411	   733.448	       4	       1
       942	   130.693	   726.202	       4	       4
       986	   536.003	    88.959	       2	       3
       708	   900.783	   326.701	       3	       4
       829	   770.832	   948.365	       1	       2
       585	   420.713	   162.949	       1	       2
       979	   977.880	    86.672	       2	       2
       605	   250.773	   594.604	       3	       5
       738	   333.610	   930.990	       3	       4
       732	   954.201	   133.778	       3	       3
       642	   808.715	   513.012	       2	       2
       833	   900.340	   683.999	       2	       1
       728	    11.590	   171.830	       3	       2
       976	   379.764	    11.260	       1	       5
       126	   235.522	   887.683	       3	       1
        37	   295.935	    35.231	       4	       2
       289	   737.995	   257.458	       2	       3
       959	   724.085	   651.684	       3	       2
       591	   461.799	   285.783	       4	       5
       462	   365.274	     9.708	       2	       3
       289	   584.692	   575.452	       2	       2
       440	   533.708	   307.792	       2	       3
       305	   550.580	   151.514	       4	       5
        76	   615.477	   971.283	       4	       4
       343	   395.648	   164.972	       3	       4
       628	   771.718	   727.235	       4	       1
       164	   251.203	   890.724	       4	       5
       802	   655.761	   858.715	       1	       2
       649	   960.397	   184.257	       1	       5
       411	     3.555	   236.809	       4	       4
       609	   723.361	    18.363	       4	       2
       779	   108.995	   931.405	       2	       5
       183	   543.787	   887.121	       4	       1
       964	   626.916	   595.466	       4	       4
       415	   242.947	   109.368	       4	       5
       249	   913.844	   173.543	       3	       5
       539	   622.313	   576.960	       1	       2
       706	   231.695	   251.657	       3	       2
       299	   770.132	   300.172	       3	       1
       437	   105.507	   170.987	       4	       2
       853	   555.225	   189.592	       2	       5
       492	    94.956	   463.421	       2	       4
       524	   580.984	   509.874	       2	       1
       362	   252.980	   511.580	       4	       3
       356	   649.467	   997.139	       4	       3
        93	   715.827	   129.596	       3	       2
       932	   524.186	   756.170	       3	       2
       420	   657.521	   793.757	       2	       4
       381	   813.294	   584.883	       4	       2
       958	   807.512	   462.738	       4	       1
        65	   619.682	   893.427	       3	       1
        17	   451.102	   828.180	       3	       1
       968	   407.950	    50.291	       2	       5
       749	   874.748	   962.984	       4	       5
       169	   702.932	     7.340	       3	       4
       857	   184.935	   573.132	       1	       5
       998	   565.732	   572.431	       1	       2
       470	   908.808	   834.380	       1	       4
       952	   150.690	   384.716	       2	       3
       865	   845.518	    91.041	       4	       4
       208	   820.202	   581.687	       1	       4
       847	   499.341	    24.846	       3	       1
       833	    37.584	   361.796	       1	       2
       102	   147.503	   985.317	       1	       4
       364	   922.639	   868.779	       2	       3
       737	    44.155	   152.497	       3	       1
       223	   372.499	   798.826	       4	       2
        84	   619.040	   810.997	       4	       5
       409	   196.948	   928.207	       1	       3
       639	   981.080	   224.384	       3	       2
       152	   155.975	   498.967	       1	       3
       578	   539.679	   827.444	       3	       5
       225	   618.011	   667.334	       1	       4
        11	   230.990	   593.936	       2	       5
       990	   466.309	   651.976	       1	       5
       725	   491.009	   238.516	       1	       1
       342	   766.862	    25.540	       2	       2
       249	   634.281	   736.257	       3	       5
       996	   467.550	   326.792	       3	       1
       668	   666.943	   376.757	       3	       2
        72	   453.377	   612.616	       2	       1
       951	   525.712	   657.165	       1	       2
       843	   658.568	   202.899	       4	       2
       318	   181.195	   826.032	       1	       3
       294	   788.050	   380.207	       3	       2
       609	   602.865	   631.744	       3	       4
       304	   980.333	   966.411	       2	       5
       158	   222.383	   564.786	       4	       5
       619	   466.266	   358.911	       4	       5
       189	   895.642	   618.970	       2	       4
       120	   601.433	   501.793	       1	       1
       581	   725.959	   452.376	       1	       4
       360	   413.670	   732.271	       1	       5
       458	   684.310	   924.510	       2	       3
       536	   946.055	   479.271	       1	       1
       491	   200.186	    88.230	       2	       1
       318	   807.365	   569.654	       1	       4
        54	   969.538	   244.951	       4	       1
       538	    14.569	    39.578	       4	       1
       714	   215.210	   788.140	       3	       1
       375	   117.377	   272.768	       2	       4
       119	   767.424	   777.070	       3	       2
       261	    81.217	   488.209	       4	       5
       936	   998.414	   317.936	       3	       5
       988	   389.612	   314.025	       1	       1
       532	   905.203	    42.025	       2	       5
        55	   188.578	   534.400	       2	       4
       226	   440.872	   823.552	       3	       1
       600	   844.812	    83.895	       4	       1
       113	   595.270	   108.559	       3	       1
       877	   462.158	   529.256	       1	       5
       325	   512.650	   660.142	       2	       2
       875	   573.886	   694.746	       3	       1
       692	   440.319	   313.222	       1	       3
       714	   193.559	    37.778	       2	       2
       271	   113.966	   414.563	       3	       1
       612	   151.228	   226.044	       2	       4
       854	    52.491	     1.115	       1	       1
       577	   558.676	   685.717	       4	       3
       507	   847.721	   952.063	       1	       3
       308	   359.119	   391.152	       4	       2
       286	    75.311	   300.298	       2	       4
       760	   425.724	   553.752	       2	       5
        98	   602.008	   851.976	       4	       3
       974	   425.403	   794.967	       2	       2
       284	   810.721	   684.757	       2	       1
       102	   941.886	   432.107	       2	       2
       443	   869.911	   690.434	       1	       3
       221	   703.999	   216.025	       3	       5
       153	   470.299	   283.943	       2	       3
       539	   682.698	   777.821	       4	       4
       199	    13.418	   929.980	       3	       5
       145	   982.478	   190.050	       1	       2
       902	   172.077	   296.063	       2	       2
       497	   906.260	     6.210	       2	       2
       970	   807.110	   431.562	       3	       5
        65	   800.140	   210.295	       4	       1
       140	   268.936	   641.425	       2	       3
       484	   219.154	   709.589	       2	       4
       509	   428.801	   118.778	       3	       2
       142	   849.371	    82.144	       3	       4
        26	   450.380	   906.335	       1	       2
       471	   935.420	   389.239	       4	       4
       590	   352.679	   533.403	       3	       5
       296	   619.392	   963.242	       4	       2
        62	   980.699	   759.054	       4	       2
       990	   643.463	   325.540	       4	       4
       430	    45.498	    85.849	       3	       4
       364	   463.557	   536.024	       4	       5
       197	   334.751	   336.125	       1	       2
       764	   532.182	    21.685	       3	       4
       750	   284.746	   771.152	       1	       2
       553	   122.261	   384.909	       2	       1
       374	   668.289	   571.321	       2	       3
       941	   681.360	   755.743	       1	       2
       170	   867.139	   940.847	       2	       4
       828	   132.381	   612.322	       3	       5
       317	   798.620	   315.396	       1	       1
        15	   826.769	   110.077	       4	       5
       299	   646.550	    73.919	       1	       3
       138	   204.922	   319.691	       1	       1
       275	   261.421	   660.839	       1	       5
       553	   418.497	   695.152	       2	       5
       941	   541.799	   207.718	       1	       5
       866	   477.438	    82.796	       1	       1
       966	   467.460	   305.511	       2	       3
       560	   839.841	   547.575	       1	       3
       661	   870.102	   754.670	       2	       4
       310	   816.754	   529.657	       2	       2
       181	   877.801	   286.984	       4	       5
       785	   571.009	   624.180	       3	       1
       968	   964.036	   264.837	       4	       4
       122	   606.544	   652.693	       3	       2
       962	   603.948	   841.898	       1	       2
       618	   319.298	   638.948	       3	       3
       359	   681.204	   565.631	       2	       3
       446	    51.966	   307.142	       1	       3
       370	   134.546	   876.777	       2	       4
       674	   130.242	   988.822	       2	       1
       821	   655.201	   777.479	       1	       3
       701	   175.333	   573.644	       3	       1
       276	   341.147	   141.279	       4	       1
       104	    44.312	   314.929	       3	       3
       571	   233.734	   366.859	       2	       3
       796	   964.224	   291.895	       2	       2
       134	   509.139	   445.953	       1	       2
       148	   151.075	   610.633	       1	       3
        71	   523.009	   212.915	       2	       1
       945	   943.509	   249.760	       3	       5
       400	   865.686	   112.150	       3	       4
       657	   392.066	   307.589	       2	       5
       729	   283.868	   497.448	       4	       1
       918	   761.730	   489.808	       4	       3
       893	   240.484	   995.577	       4	       3
       650	   254.232	   981.109	       4	       3
       781	    84.086	   436.563	       2	       4
        61	   864.144	   972.021	       4	       3
       409	   447.899	   214.398	       4	       5
       717	   561.786	   541.121	       1	       5
        91	   736.711	   453.435	       4	       2
       325	   796.489	   967.609	       2	       3
       844	   447.508	   836.176	       3	       1
       921	   184.128	   214.147	       4	       2
       839	   828.733	   439.539	       2	       4
       970	    30.998	   168.477	       4	       4
       541	   946.728	   529.087	       1	       4
       182	   576.978	   793.485	       3	       1
       865	   875.389	    35.879	       3	       2
        71	   608.565	   191.359	       1	       3
       543	   251.660	   977.456	       3	       5
       898	   296.130	   960.797	       3	       1
       394	   532.923	   556.592	       3	       2
       329	   962.078	   646.091	       2	       2
       616	   184.496	   272.093	       1	       3
       990	   509.898	   952.091	       2	       3
       651	   343.788	   669.775	       1	       3
       350	   769.725	   666.808	       3	       1
       756	   802.866	    11.103	       4	       5
       198	   424.560	   852.970	       2	       3
       214	   204.122	   778.326	       1	       5
        32	    67.089	   684.924	       1	       2
       152	   198.648	   740.782	       1	       3
       418	   272.401	   156.572	       1	       4
       184	   598.789	   718.775	       3	       5
       758	   873.083	    96.818	       3	       5
       501	   128.231	   706.949	       3	       4
     2.632	     3.146
   776.206	   438.253
   491.557	   122.553
   204.387	   526.609
   729.247	   979.740
   315.654	   499.277
   883.818	   374.650
   180.234	   813.840
   938.551	   968.201
   970.750	   287.123
   304.485	   803.000
   862.486	   996.141
   842.179	   111.824
   424.613	   531.047
   363.684	   813.527
   282.437	   376.294
   993.237	   445.775
   255.751	   750.903
   920.676	    98.346
   428.335	   360.526
   935.427	   563.706
   838.845	   238.586
   155.777	   839.954
   574.283	   765.851
   673.503	   965.543
   405.820	   522.988
     4.877	   106.525
   325.331	   936.617
   838.945	   834.236
    62.824	   544.418
   105.420	   836.302
   701.787	   881.691
   514.158	   776.081
   498.167	   571.254
   373.610	   615.299
   603.514	   844.391
   851.469	   622.217
   276.923	   206.480
   844.761	   691.488
   416.619	   532.014
   500.984	   263.247
   729.623	     0.787
   258.722	   235.498
   921.637	   673.567
   702.069	   878.320
   618.930	   830.703
   273.009	   108.107
   695.848	    71.125
   257.215	   761.592
   816.453	   284.833
    11.472	   271.803
   166.538	     2.000
   557.829	    98.539
   712.281	   135.597
   492.481	   159.360
   877.810	   445.314
   975.870	   814.136
   464.277	   812.298
   767.987	   909.990
   494.772	   443.592
   665.099	   708.711
   224.875	   488.334
   109.542	    49.843
   979.009	    80.431
   814.995	   245.942
   285.384	   981.622
   585.828	   691.917
   380.071	   268.008
   176.338	   706.263
   418.835	   661.346
   297.188	    43.290
    16.624	   361.488
   387.368	   773.728
   920.913	    78.523
   828.200	   884.384
   574.075	   930.868
   318.647	   853.086
   231.264	   117.378
   956.020	   565.173
   564.610	   707.560
   217.605	   887.980
   249.482	    95.776
   959.596	   815.771
   238.814	   278.016
   106.714	   592.287
   183.962	   719.796
   766.225	   777.019
   708.764	   294.665
   437.942	   607.377
   793.805	   287.473
   517.513	   998.317
   413.598	   814.506
   117.442	   413.978
   883.911	   879.142
   275.593	   732.501
   616.261	   928.747
   984.580	   171.611
   189.418	   294.835
   965.188	    93.737
   652.715	   317.981
   128.732	   381.189
   771.927	   632.713
   951.776	   471.520
   562.781	   717.669
   688.555	   269.224
    26.348	   173.057
   989.076	   379.123
   318.457	   438.081
    23.904	   422.127
   808.564	   913.570
   973.253	   269.567
   737.589	   352.043
     2.736	   215.210
    63.361	   371.923
   584.269	   389.855
   335.715	   575.427
   881.833	   278.365
   873.669	   259.492
   987.519	   719.061
   715.832	   910.179
   876.884	   122.097
   319.650	   182.289
   111.177	   133.110
   865.364	   683.608
   303.473	   214.010
   419.332	   604.572
   646.030	   201.679
   605.099	   817.757
   420.923	   316.107
   386.151	   669.617
   122.681	   148.734
   533.862	   305.945
   232.854	   297.241
   754.808	   635.080
   674.871	   680.881
    71.927	   845.249
   989.265	   183.347
   780.457	   760.430
   227.826	   711.939
    30.743	   557.544
   478.372	   650.163
   352.742	    89.995
   546.511	   146.876
   659.664	   415.572
   797.220	   711.371
    13.544	   167.821
   714.296	   388.979
   295.314	   497.946
   986.403	   935.046
   846.242	    55.196
   560.401	   829.007
   597.766	   984.160
   192.076	   267.273
   226.252	   890.057
   154.013	   290.300
   377.814	   799.007
   111.955	   459.857
   511.273	   597.609
   638.478	   236.667
   122.212	   687.615
   344.196	   148.685
    70.348	   559.686
   525.761	   494.329
   650.290	   837.206
   615.472	   481.469
   813.870	   784.731
   235.566	   400.294
   618.182	   307.906
   302.829	   787.227
    88.768	   418.464
   305.261	   496.766
    71.356	   577.323
   958.574	   819.666
   727.165	   581.320
   101.461	   406.143
   786.269	   160.587
   352.155	   702.111
   911.435	   883.233
   495.497	   108.379
   872.693	   466.214
   220.530	   934.536
   367.192	   563.509
   366.837	   545.254
    97.133	    63.476
   331.014	   535.300
   659.710	   654.541
   466.543	   146.592
   879.232	   956.365
   269.670	   196.151
   354.819	   673.926
   320.354	   274.341
   551.738	   108.431
   188.219	   260.901
   173.244	   334.152
   939.482	   464.732
   376.648	   234.356
   587.098	   727.504
    55.152	   807.191
   140.858	   790.976
    96.359	   715.749
   812.116	   269.643
   103.147	   210.458
   516.316	   109.128
   155.578	   396.681
   278.817	    87.267
   882.602	   655.390
   631.594	   949.829
   963.663	   755.633
   599.714	   116.892
     9.520	    20.481
   415.641	   334.889
    22.442	   992.876
   313.984	   312.832
   481.625	   737.508
   575.459	   716.529
   238.650	   572.558
   558.287	   367.646
   394.920	   208.266
   506.582	   979.999
   195.967	    65.894
   156.752	   236.228
   754.517	   308.899
   329.973	   909.503
   644.196	   713.369
   565.456	   265.372
   899.531	   164.501
   880.684	   880.497
   443.111	   793.783
   204.735	    38.387
   632.192	   879.301
   636.836	   587.940
   692.418	   457.537
   907.473	   673.852
   782.581	    39.443
   625.291	   330.321
   600.966	    88.048
   212.759	   683.637
   651.365	   398.012
   814.500	   478.954
   922.322	   289.803
   916.650	   788.295
   561.099	    46.513
   259.834	   281.126
   333.797	   590.596
   997.762	   790.134
   525.598	   601.599
   815.907	   730.489
   597.016	    23.528
   506.930	   254.924
   348.540	    42.092
   537.771	   500.012
     6.735	   989.140
   876.686	    13.531
   561.486	   440.879
    24.281	     4.786
   818.175	   612.889
   135.354	   183.359
    30.639	   712.742
   462.335	   159.649
   960.657	   828.576
    93.614	   206.178
    65.599	   352.216
   879.936	   230.578
   821.372	   807.684
   819.969	   490.270
   467.818	   873.834
   427.492	   130.086
   401.068	   498.958
   582.215	   776.614
   728.971	   981.210
   784.292	   673.378
   654.799	   183.001
   562.466	   759.773
   412.393	    74.635
   319.915	   762.772
   286.248	   827.815
   296.177	   559.210
   682.753	   492.721
   762.441	   936.527
   597.620	     0.097
   222.864	     9.567
   194.395	   251.951
   765.686	   505.676
   978.694	   540.417
    15.910	   371.292
   248.898	   292.711
   792.313	   202.367
   719.165	   800.282
   245.980	   315.923
   554.892	   492.468
   585.586	   811.291
   721.384	   612.359
   463.674	   408.608
   404.848	   176.904
   308.009	   397.652
   238.309	   485.213
    92.503	   990.585
   645.883	   284.195
   669.570	   165.640
   687.343	   220.576
    73.366	   349.241
   698.827	   628.265
   914.929	   192.808
   770.180	   780.519
   670.264	   167.712
   571.087	   452.809
   302.325	     1.350
   567.024	   615.938
   195.739	    12.462
   311.992	   114.799
   546.049	   623.215
   270.869	   845.182
   493.590	   900.341
   372.160	   868.694
   866.771	   730.551
   430.146	   415.984
   802.561	   661.425
   347.513	   778.149
   196.832	   438.058
    11.342	   996.701
   654.815	   427.513
   827.098	   395.796
   437.165	   114.037
    61.142	   968.772
   272.211	   627.586
   686.766	    88.866
   551.654	   139.791
   540.769	   775.324
   665.178	   682.824
   905.973	   802.939
