800	200	20	2000	
        47	   816.008	   810.181	       1	       1
       245	    45.812	   112.778	       1	       1
       918	   387.828	   411.084	       1	       1
        82	   458.523	   883.795	       1	       1
       777	   735.732	   956.684	       1	       1
       915	   909.637	   474.168	       1	       1
       725	   277.405	   267.912	       1	       1
       655	   817.768	   837.249	       1	       1
       857	   656.316	   947.571	       1	       1
       970	    11.280	   192.349	       1	       1
       154	   735.354	   105.189	       1	       1
       139	   603.495	    96.268	       1	       1
       982	   680.019	   436.896	       1	       1
       593	   583.960	   109.961	       1	       1
       759	   573.521	   571.274	       1	       1
       518	   361.017	   325.464	       1	       1
       400	   958.700	   104.100	       1	       1
       291	   986.943	   636.677	       1	       1
       188	   387.135	   677.059	       1	       1
       286	   836.180	   589.997	       1	       1
       264	   982.142	   403.023	       1	       1
       367	   585.353	   967.264	       1	       1
       924	   670.932	   201.434	       1	       1
       478	    86.257	   504.989	       1	       1
       917	   991.451	   276.423	       1	       1
       262	   779.500	   828.290	       1	       1
       500	   994.365	   243.538	       1	       1
       678	   653.690	    47.570	       1	       1
       935	    37.428	   141.115	       1	       1
       408	   719.089	    82.199	       1	       1
       572	   688.116	   335.551	       1	       1
       590	   608.813	   421.406	       1	       1
       225	   106.211	   705.305	       1	       1
       993	   280.685	   129.384	       1	       1
       763	   776.215	   780.924	       1	       1
       513	   890.166	   261.559	       1	       1
       488	   510.599	   122.429	       1	       1
       874	   715.708	   980.042	       1	       1
        96	    77.779	   499.203	       1	       1
       151	   615.304	   224.212	       1	       1
       403	   837.804	   282.313	       1	       1
        17	   696.005	   981.992	       1	       1
       329	   555.059	   782.339	       1	       1
       839	   861.190	     6.607	       1	       1
       544	   745.322	     9.273	       1	       1
       323	   264.549	   514.514	       1	       1
       523	   999.769	   397.832	       1	       1
       906	   573.732	   199.675	       1	       1
       326	   639.059	   450.026	       1	       1
       219	   489.700	   116.076	       1	       1
       274	   889.375	   177.306	       1	       1
       738	   874.510	   669.736	       1	       1
       663	   847.790	   689.406	       1	       1
       637	   647.724	   242.512	       1	       1
       441	   585.579	   342.127	       1	       1
       643	   281.583	   809.564	       1	       1
       466	   991.654	   806.592	       1	       1
       552	   799.661	   550.979	       1	       1
        81	   501.636	   290.738	       1	       1
       397	   772.315	   981.390	       1	       1
       464	   124.280	   423.094	       1	       1
       927	   921.018	   700.061	       1	       1
       571	    44.837	   867.988	       1	       1
       323	   228.605	   972.268	       1	       1
       525	   842.486	   199.411	       1	       1
       974	   305.572	   110.286	       1	       1
       802	   484.322	   487.126	       1	       1
       507	   650.054	   562.050	       1	       1
        53	   143.943	     0.589	       1	       1
       598	   305.798	   565.125	       1	       1
        36	   886.920	   133.773	       1	       1
       830	   886.842	   289.887	       1	       1
       346	   515.217	   980.895	       1	       1
       631	   267.088	   887.493	       1	       1
       893	   880.343	   943.091	       1	       1
       307	   497.983	    58.137	       1	       1
       476	   333.439	   599.987	       1	       1
        25	   894.697	    70.685	       1	       1
        74	   204.483	   354.935	       1	       1
       206	   819.605	   722.448	       1	       1
        35	   838.838	    76.527	       1	       1
       377	   522.796	   429.816	       1	       1
       748	   161.938	   379.116	       1	       1
       481	   948.977	   415.930	       1	       1
       913	    59.449	   619.116	       1	       1
       292	   886.499	   642.831	       1	       1
       675	   574.344	   360.942	       1	       1
       626	   378.847	   888.396	       1	       1
        32	   640.905	   264.154	       1	       1
       787	   127.807	    64.193	       1	       1
       717	   406.703	   142.168	       1	       1
       136	   356.410	   275.837	       1	       1
       289	   151.156	   572.087	       1	       1
       391	   856.473	   249.483	       1	       1
       366	   102.008	   183.761	       1	       1
       165	   953.121	   949.072	       1	       1
       943	   166.814	   952.347	       1	       1
       323	   439.404	   107.123	       1	       1
       605	   160.416	   629.883	       1	       1
       176	   879.272	   267.595	       1	       1
       658	   478.450	    75.623	       1	       1
       298	   399.153	   314.096	       1	       1
       428	   275.470	   659.667	       1	       1
       788	    51.641	    86.968	       1	       1
       289	   138.715	   567.401	       1	       1
       665	   778.638	   515.294	       1	       1
       761	   178.053	   283.744	       1	       1
        97	   583.439	   418.412	       1	       1
       803	   928.124	   502.573	       1	       1
       977	   107.664	   552.711	       1	       1
       253	   452.644	   395.849	       1	       1
       358	   155.993	   707.805	       1	       1
       596	   304.211	   871.361	       1	       1
       200	   764.124	   686.625	       1	       1
       312	   626.922	   939.200	       1	       1
       938	   711.095	     8.124	       1	       1
       738	   193.461	   363.740	       1	       1
       161	    68.431	   657.523	       1	       1
       705	   879.656	   453.272	       1	       1
       331	   319.849	   769.096	       1	       1
       379	   604.480	   975.339	       1	       1
       855	   955.210	   338.841	       1	       1
       781	   415.792	   908.509	       1	       1
       906	   195.892	   589.315	       1	       1
       263	   166.028	   489.048	       1	       1
       471	   624.807	    23.370	       1	       1
       784	    56.294	   332.129	       1	       1
       574	   328.553	   633.490	       1	       1
       479	   980.412	   673.414	       1	       1
       464	   771.597	   628.201	       1	       1
       524	   209.332	   463.466	       1	       1
       598	   585.282	   156.275	       1	       1
       997	   439.788	    47.912	       1	       1
       159	   613.554	   501.252	       1	       1
       725	   319.971	   661.734	       1	       1
       273	   111.900	   711.355	       1	       1
        87	   313.015	   687.520	       1	       1
       722	   993.938	   573.646	       1	       1
        85	   165.774	   624.237	       1	       1
       342	   462.920	   209.384	       1	       1
        53	   635.517	   156.337	       1	       1
       542	    37.088	    27.721	       1	       1
       552	   253.274	   175.714	       1	       1
       558	   870.213	   974.876	       1	       1
       881	   139.631	   265.282	       1	       1
       785	    18.071	   109.977	       1	       1
       823	   689.714	   711.258	       1	       1
       974	   871.078	   535.261	       1	       1
       579	   355.508	   784.192	       1	       1
       762	   396.799	   419.625	       1	       1
       518	   862.912	   773.089	       1	       1
       220	   932.257	   104.730	       1	       1
       106	   450.759	   760.038	       1	       1
       279	   974.991	   505.968	       1	       1
        20	   697.937	   313.654	       1	       1
       289	   753.610	   912.880	       1	       1
       902	   577.774	   424.982	       1	       1
       859	   134.606	   762.189	       1	       1
       913	   807.699	   628.384	       1	       1
       899	   104.669	   739.264	       1	       1
       162	   335.511	   823.002	       1	       1
       724	   564.364	   283.794	       1	       1
       486	   622.589	   973.974	       1	       1
       670	   458.101	   431.977	       1	       1
       426	   812.855	   116.698	       1	       1
       150	   248.261	   219.891	       1	       1
       203	   422.766	   216.455	       1	       1
       616	   805.611	   384.596	       1	       1
       582	   548.123	   931.902	       1	       1
       499	   247.527	   289.673	       1	       1
       162	    10.772	   285.178	       1	       1
       348	   246.920	   492.361	       1	       1
       893	   249.870	    66.699	       1	       1
       875	   615.763	   596.993	       1	       1
       140	   261.934	   796.458	       1	       1
       502	   524.276	     4.104	       1	       1
       742	   380.255	    34.540	       1	       1
       625	    36.090	   683.400	       1	       1
       876	   843.606	   697.623	       1	       1
       276	   449.966	   856.930	       1	       1
       704	   976.481	   420.504	       1	       1
       874	    57.447	   178.065	       1	       1
       499	   163.089	   838.066	       1	       1
       860	   182.594	    27.818	       1	       1
       480	   541.293	   100.292	       1	       1
       208	   272.699	   852.541	       1	       1
       716	   493.268	   702.852	       1	       1
       337	   733.943	   481.449	       1	       1
       186	   184.755	   394.266	       1	       1
       576	   920.697	   886.776	       1	       1
        25	   660.063	   447.222	       1	       1
       911	   690.075	   332.246	       1	       1
       411	   168.086	   576.456	       1	       1
       180	   685.754	   233.596	       1	       1
        30	   601.804	   739.740	       1	       1
       640	   654.961	   543.689	       1	       1
       954	   517.694	   731.437	       1	       1
       288	    69.485	   602.279	       1	       1
       495	   473.837	   994.822	       1	       1
       919	   484.744	   221.667	       1	       1
       636	   617.898	   774.740	       1	       1
       619	   100.721	   901.609	       1	       1
       703	    28.270	   215.363	       1	       1
       862	    67.969	   595.704	       1	       1
        20	   375.883	   361.323	       1	       1
       106	   772.834	   915.302	       1	       1
       193	   407.131	   810.293	       1	       1
       327	   934.955	   934.159	       1	       1
       578	   532.677	   500.037	       1	       1
       739	   446.410	   293.004	       1	       1
       415	   328.819	   905.736	       1	       1
       241	   344.065	   367.601	       1	       1
       106	    47.464	   407.425	       1	       1
       515	   448.608	   144.289	       1	       1
       989	   903.231	   885.650	       1	       1
        35	   881.428	   665.384	       1	       1
       507	   812.956	   183.679	       1	       1
       920	   960.228	   584.050	       1	       1
       151	   306.551	   451.936	       1	       1
       222	   928.267	   937.202	       1	       1
       638	    44.928	   421.833	       1	       1
       821	   360.133	   438.539	       1	       1
       656	    76.018	   801.388	       1	       1
       727	   925.426	    15.728	       1	       1
       706	   338.023	   814.827	       1	       1
       965	   790.980	   946.633	       1	       1
       921	   749.122	   399.343	       1	       1
       546	   465.830	   908.381	       1	       1
       147	    82.326	    95.393	       1	       1
       460	   199.965	   545.744	       1	       1
       209	    76.169	   449.326	       1	       1
       831	   892.464	   607.551	       1	       1
       335	   720.971	   542.902	       1	       1
       430	   447.687	   692.072	       1	       1
       879	   576.449	   767.433	       1	       1
       770	   201.467	   372.045	       1	       1
        31	   720.518	   358.635	       1	       1
       306	   847.344	   560.150	       1	       1
        87	   568.554	   978.424	       1	       1
       229	   606.442	   468.966	       1	       1
       699	   900.273	   133.405	       1	       1
       379	   893.316	   968.443	       1	       1
       313	   600.380	   188.647	       1	       1
       471	   784.025	   592.657	       1	       1
       434	   788.337	   769.621	       1	       1
       472	   980.759	   419.255	       1	       1
       567	   686.563	   860.250	       1	       1
       865	   919.947	   492.235	       1	       1
       666	    69.396	   481.535	       1	       1
       934	   531.458	   201.684	       1	       1
       244	   584.100	   642.861	       1	       1
       567	   386.633	   125.066	       1	       1
       461	   261.260	   784.726	       1	       1
       894	   449.316	   321.274	       1	       1
       332	   547.591	   268.503	       1	       1
       984	   845.923	   164.909	       1	       1
       312	   815.795	   891.836	       1	       1
       394	   261.264	   967.635	       1	       1
       423	   982.056	    85.671	       1	       1
        73	   928.058	   256.432	       1	       1
       853	   335.672	   360.758	       1	       1
       557	   704.562	   643.577	       1	       1
       959	   649.134	   277.986	       1	       1
       487	   208.791	   334.087	       1	       1
       555	   744.471	   493.833	       1	       1
       652	   977.718	   269.654	       1	       1
       478	   415.604	   485.966	       1	       1
       605	    91.558	   543.139	       1	       1
        58	   261.298	     5.094	       1	       1
       832	   228.855	   342.602	       1	       1
       298	   831.441	   289.147	       1	       1
       263	   526.814	   161.110	       1	       1
       678	    32.700	   201.083	       1	       1
        65	   760.843	   665.198	       1	       1
       732	   423.374	   861.596	       1	       1
       297	   177.009	   833.676	       1	       1
        38	   701.239	   356.240	       1	       1
       232	   597.598	   505.150	       1	       1
       340	   275.584	   402.748	       1	       1
       146	    61.840	   854.438	       1	       1
       119	   704.884	   965.905	       1	       1
       621	   358.194	   730.895	       1	       1
        42	   723.237	   614.601	       1	       1
       530	   526.975	   396.064	       1	       1
       606	    94.942	   269.695	       1	       1
       983	   356.454	   558.832	       1	       1
       572	   909.984	   722.481	       1	       1
       601	   178.666	   977.109	       1	       1
       179	   192.428	   690.970	       1	       1
       842	   201.307	   309.313	       1	       1
       630	   122.154	   173.766	       1	       1
       221	   629.671	   124.262	       1	       1
        34	   949.955	   920.683	       1	       1
       123	    40.095	   916.352	       1	       1
       798	   464.233	   925.379	       1	       1
        54	    69.703	    62.755	       1	       1
       281	   593.844	   114.677	       1	       1
       680	   598.580	    13.448	       1	       1
       485	   350.454	   937.719	       1	       1
       920	   261.992	   989.964	       1	       1
       509	   313.324	   981.998	       1	       1
       797	   904.910	   584.995	       1	       1
       261	   404.988	    91.702	       1	       1
       676	   706.368	   318.550	       1	       1
       245	   550.539	   146.180	       1	       1
        96	   450.138	   620.774	       1	       1
       401	   462.996	   949.845	       1	       1
       749	   103.300	   660.961	       1	       1
        63	   950.032	   500.221	       1	       1
       441	   125.496	   344.814	       1	       1
       888	   131.214	   503.870	       1	       1
       454	   160.427	   632.200	       1	       1
       765	   870.082	   396.585	       1	       1
       300	   987.102	   924.608	       1	       1
       110	   938.849	   845.589	       1	       1
       750	   382.036	   530.862	       1	       1
       810	   482.247	   840.514	       1	       1
       925	   669.888	    97.623	       1	       1
       461	   812.798	   741.840	       1	       1
       802	   918.039	   191.426	       1	       1
       733	    87.660	   402.084	       1	       1
       239	   128.513	   205.596	       1	       1
       616	   735.464	   318.218	       1	       1
       176	   962.871	    68.504	       1	       1
       697	   567.131	   353.148	       1	       1
       241	   947.215	   965.809	       1	       1
       911	   856.924	     4.045	       1	       1
        89	   703.499	   701.712	       1	       1
       585	   180.116	   339.001	       1	       1
       891	   619.334	   330.174	       1	       1
        97	   558.079	   644.005	       1	       1
       426	    62.509	   884.097	       1	       1
       820	   439.119	   141.051	       1	       1
       724	   859.965	   893.876	       1	       1
       716	    10.628	   727.236	       1	       1
       738	    85.160	   439.905	       1	       1
       748	   428.749	   932.409	       1	       1
       680	   587.465	   814.807	       1	       1
       667	   859.552	   367.257	       1	       1
       334	   614.593	    93.098	       1	       1
       842	   532.419	   414.153	       1	       1
       198	   836.449	   765.158	       1	       1
       510	   744.061	   198.219	       1	       1
       216	   327.867	   626.354	       1	       1
       155	   244.692	   334.587	       1	       1
       177	   654.546	   853.122	       1	       1
       173	   608.783	   885.525	       1	       1
       475	    68.068	   181.401	       1	       1
       678	   386.599	   477.810	       1	       1
       672	   536.384	   208.879	       1	       1
       816	   892.901	    52.994	       1	       1
       691	   939.331	   556.400	       1	       1
       468	   218.100	   164.169	       1	       1
       727	   561.832	   164.692	       1	       1
       336	   134.154	   378.546	       1	       1
       675	   708.817	   941.978	       1	       1
       240	   153.213	   405.732	       1	       1
       250	     2.547	   420.113	       1	       1
        58	    14.004	   828.591	       1	       1
       700	   217.611	    75.623	       1	       1
       968	   904.846	   314.055	       1	       1
       310	    63.271	    33.659	       1	       1
       627	   292.299	   482.108	       1	       1
       192	   145.026	   398.843	       1	       1
       266	   651.545	   680.178	       1	       1
       352	   143.707	   174.822	       1	       1
       513	   310.968	   472.051	       1	       1
       794	   954.782	   890.457	       1	       1
       285	   917.505	   811.468	       1	       1
       787	   848.547	   672.722	       1	       1
       634	   525.272	   512.896	       1	       1
       742	    96.774	   959.983	       1	       1
        61	   146.325	   516.363	       1	       1
       889	   415.103	   642.790	       1	       1
       148	   524.872	   552.043	       1	       1
       133	   282.037	   111.141	       1	       1
       334	   262.218	   850.188	       1	       1
       417	   456.978	   264.490	       1	       1
       280	   396.003	   952.747	       1	       1
       713	   729.957	   152.327	       1	       1
       543	     6.008	   677.018	       1	       1
       184	   613.720	   336.087	       1	       1
       390	    31.197	   630.067	       1	       1
       141	    62.710	   233.357	       1	       1
       450	   257.612	     6.128	       1	       1
       866	   591.889	   753.324	       1	       1
       218	    88.207	   923.370	       1	       1
       952	   861.043	   971.846	       1	       1
       576	    72.465	   597.557	       1	       1
       985	   328.781	   690.291	       1	       1
       593	   810.570	   874.498	       1	       1
       518	   933.149	   743.766	       1	       1
       536	   246.993	   166.072	       1	       1
       727	   554.556	   741.936	       1	       1
       153	   560.480	   406.053	       1	       1
       419	   477.248	   728.876	       1	       1
       831	   449.832	   868.040	       1	       1
       734	   935.863	   541.081	       1	       1
       515	   390.073	   798.150	       1	       1
       964	    46.876	   466.716	       1	       1
       991	   255.708	   948.939	       1	       1
       636	   432.552	   688.943	       1	       1
       760	   294.153	   728.708	       1	       1
       935	   541.572	   414.960	       1	       1
       566	   760.635	   192.278	       1	       1
        47	   906.792	   667.838	       1	       1
       160	   771.671	   477.884	       1	       1
       485	   564.868	   875.138	       1	       1
       448	   171.437	   839.541	       1	       1
       342	   425.665	   582.397	       1	       1
       534	   749.197	    73.469	       1	       1
       386	    32.961	   651.541	       1	       1
       325	   482.098	   640.005	       1	       1
       932	   521.726	   717.651	       1	       1
       982	   537.513	   384.170	       1	       1
       977	   163.177	   618.845	       1	       1
       737	   638.078	   375.461	       1	       1
       433	   236.199	   819.592	       1	       1
       647	   156.810	   349.813	       1	       1
        53	   388.616	   447.773	       1	       1
       470	   502.657	   552.313	       1	       1
       892	   165.633	   341.949	       1	       1
       816	   556.938	   769.699	       1	       1
       613	   810.447	   571.389	       1	       1
       634	   136.345	   266.249	       1	       1
       263	   775.352	   946.407	       1	       1
       847	   982.249	     7.940	       1	       1
       748	   942.545	   620.615	       1	       1
       427	   339.231	   285.585	       1	       1
       181	   693.087	    38.130	       1	       1
       420	   662.162	   651.262	       1	       1
       706	   827.978	   833.514	       1	       1
       975	   846.496	   652.219	       1	       1
       595	   555.046	   896.162	       1	       1
       318	   673.246	   300.183	       1	       1
       611	   498.583	    92.336	       1	       1
       549	     7.978	   541.115	       1	       1
        53	   712.066	   837.529	       1	       1
        11	   508.476	   637.462	       1	       1
       348	   190.539	   139.583	       1	       1
       137	   861.092	   323.617	       1	       1
       616	   813.734	   784.836	       1	       1
       420	   721.225	   996.910	       1	       1
       862	    60.331	   993.470	       1	       1
       552	    10.678	   932.461	       1	       1
       881	   982.796	   947.563	       1	       1
        74	   608.310	   446.382	       1	       1
       160	     1.182	   393.625	       1	       1
       620	   471.005	   487.781	       1	       1
       830	   538.985	    56.050	       1	       1
       653	   561.326	   232.098	       1	       1
        80	   922.110	   852.184	       1	       1
       662	   650.901	   618.413	       1	       1
       305	    63.536	   647.788	       1	       1
       240	   305.026	   541.199	       1	       1
        93	   491.718	   579.241	       1	       1
       761	   411.547	   272.298	       1	       1
       186	   317.865	   493.350	       1	       1
       327	   488.282	    10.746	       1	       1
       464	    62.716	   462.825	       1	       1
       791	   113.297	   532.491	       1	       1
       174	   948.837	   825.876	       1	       1
       289	   751.886	    95.327	       1	       1
       416	   101.407	   385.143	       1	       1
       460	   584.938	   271.620	       1	       1
       644	   907.533	   240.135	       1	       1
       486	   643.294	   969.947	       1	       1
       259	   664.543	   423.933	       1	       1
       500	   225.004	   312.406	       1	       1
       361	    81.448	   363.784	       1	       1
       575	    90.988	   629.682	       1	       1
       915	     3.844	   558.140	       1	       1
       691	   957.428	   172.219	       1	       1
       451	    64.792	   690.400	       1	       1
       866	   764.933	   843.699	       1	       1
       375	   545.755	   165.255	       1	       1
       768	   499.811	   622.440	       1	       1
       743	    87.548	   954.767	       1	       1
       766	    13.014	   151.469	       1	       1
       726	    64.872	   666.596	       1	       1
       860	     9.319	   358.323	       1	       1
       372	   972.104	   855.958	       1	       1
       917	   148.840	   207.081	       1	       1
       115	   599.692	   814.098	       1	       1
        46	   411.833	   922.567	       1	       1
       122	   737.848	   367.040	       1	       1
       154	   636.540	   515.320	       1	       1
       168	   920.947	    45.114	       1	       1
       125	   674.172	    11.891	       1	       1
       628	   228.418	   892.387	       1	       1
       222	   436.192	   436.937	       1	       1
       963	   511.046	   947.162	       1	       1
       813	   971.720	   535.231	       1	       1
       435	     2.559	   553.048	       1	       1
       347	    64.839	   522.636	       1	       1
       780	   846.513	   369.877	       1	       1
       223	   945.479	   533.532	       1	       1
       103	   766.003	   854.367	       1	       1
       174	   651.160	   881.260	       1	       1
       631	   815.088	   963.449	       1	       1
       312	     2.297	   605.327	       1	       1
       858	   252.872	   747.137	       1	       1
       805	   330.269	   783.161	       1	       1
       338	   100.652	   250.211	       1	       1
       550	   645.129	   853.484	       1	       1
       652	   825.311	   945.831	       1	       1
       749	   355.245	   541.258	       1	       1
       407	   216.428	   928.579	       1	       1
       435	   475.496	   519.199	       1	       1
       899	   223.543	   240.145	       1	       1
       302	   367.363	   385.910	       1	       1
       750	   738.999	   311.033	       1	       1
       178	   460.742	   487.444	       1	       1
        28	    71.300	   870.256	       1	       1
       235	   335.148	   290.413	       1	       1
       944	   610.065	   739.327	       1	       1
       329	   702.423	   995.986	       1	       1
       509	   869.807	   513.660	       1	       1
       568	     5.511	   953.688	       1	       1
       370	   298.707	   198.189	       1	       1
       227	   749.143	   416.902	       1	       1
       122	   863.316	   374.462	       1	       1
       521	   896.700	   961.890	       1	       1
       367	   399.194	   902.685	       1	       1
       524	   438.245	   603.098	       1	       1
       108	   387.023	   431.019	       1	       1
       806	   225.082	   630.266	       1	       1
       728	   147.680	   479.848	       1	       1
       725	     2.587	   410.703	       1	       1
       452	   766.219	   223.998	       1	       1
       692	   979.577	   723.057	       1	       1
       804	   826.033	   596.287	       1	       1
       242	   185.735	   608.689	       1	       1
       927	   762.506	   384.515	       1	       1
       580	   189.207	   234.968	       1	       1
       905	   340.227	   387.568	       1	       1
       410	   608.595	   970.931	       1	       1
       998	   689.795	   483.592	       1	       1
       559	   388.097	   411.935	       1	       1
       247	   269.398	   562.341	       1	       1
       498	   944.259	   843.867	       1	       1
       244	   304.447	   217.130	       1	       1
       789	   584.530	   495.631	       1	       1
       928	   424.555	   297.404	       1	       1
       528	   342.557	   729.098	       1	       1
       106	   417.049	   806.281	       1	       1
       664	   760.839	   481.092	       1	       1
       110	   862.550	   339.826	       1	       1
       353	   515.751	   516.898	       1	       1
       213	   291.348	    73.683	       1	       1
       941	   215.090	   356.447	       1	       1
       713	   958.140	   712.042	       1	       1
       389	   997.802	   188.752	       1	       1
       554	   549.790	   515.897	       1	       1
       632	   747.382	   108.944	       1	       1
       869	   736.056	   164.300	       1	       1
       699	   299.906	   250.707	       1	       1
       900	   858.737	   475.795	       1	       1
       138	   342.195	   473.108	       1	       1
       672	   793.313	   168.963	       1	       1
       107	   473.951	    11.189	       1	       1
       464	   256.894	   334.543	       1	       1
       686	    95.632	   660.902	       1	       1
       924	   105.734	   156.202	       1	       1
       805	   262.925	   679.616	       1	       1
       678	   396.453	   106.227	       1	       1
       495	   740.478	   911.336	       1	       1
       574	   317.931	   753.362	       1	       1
       624	   495.554	   928.751	       1	       1
       508	   855.452	   978.264	       1	       1
       744	   991.480	   645.587	       1	       1
       387	    47.518	   325.914	       1	       1
       828	   100.038	   198.861	       1	       1
       824	   225.726	   972.868	       1	       1
       529	   358.340	   477.555	       1	       1
       479	   141.959	   572.123	       1	       1
       282	   784.811	   704.871	       1	       1
       753	   372.465	   724.279	       1	       1
       679	    61.842	    39.911	       1	       1
       917	   724.032	   227.406	       1	       1
       455	   349.729	    30.724	       1	       1
       792	   488.800	   107.026	       1	       1
       370	   707.032	   825.528	       1	       1
       552	   542.847	    18.007	       1	       1
       146	   249.791	   573.074	       1	       1
       178	   752.822	   956.520	       1	       1
       954	   427.213	   794.734	       1	       1
       168	   941.079	    76.726	       1	       1
       417	   967.517	   967.016	       1	       1
       460	    32.196	   712.773	       1	       1
       742	   478.580	   652.521	       1	       1
       714	    81.347	   332.038	       1	       1
       753	   421.842	   953.525	       1	       1
       150	   150.522	   163.647	       1	       1
       667	   556.960	   632.159	       1	       1
       772	   664.400	   832.931	       1	       1
       427	   949.377	   359.049	       1	       1
       532	   336.973	   377.031	       1	       1
        38	   508.410	   910.291	       1	       1
       981	   875.110	   299.890	       1	       1
       911	   251.200	   801.556	       1	       1
       859	   648.140	   756.888	       1	       1
       655	   164.723	   628.658	       1	       1
       899	   352.644	   279.640	       1	       1
        52	   791.257	   878.123	       1	       1
       608	    42.718	   242.994	       1	       1
       958	   633.724	   493.277	       1	       1
       835	   764.163	   121.104	       1	       1
       322	   815.824	   190.876	       1	       1
       600	   453.434	   365.411	       1	       1
       865	   711.606	   535.522	       1	       1
       383	   161.523	   379.525	       1	       1
       731	   617.359	   211.770	       1	       1
       916	   871.365	   873.120	       1	       1
       722	   882.084	   902.311	       1	       1
       826	   429.675	   817.320	       1	       1
       511	   273.736	   645.938	       1	       1
       797	   848.296	   405.645	       1	       1
       406	   252.929	   245.087	       1	       1
       163	    84.629	   682.315	       1	       1
       343	   442.701	   706.924	       1	       1
       794	   515.021	    68.679	       1	       1
       270	    64.406	   479.316	       1	       1
       994	   456.559	   565.157	       1	       1
       896	   289.386	   781.353	       1	       1
       677	   510.328	   948.700	       1	       1
       956	   405.986	   238.628	       1	       1
       846	   964.581	   958.488	       1	       1
       653	   526.782	   375.098	       1	       1
       708	   173.998	   253.788	       1	       1
       534	   366.335	   237.689	       1	       1
       140	   354.962	   453.273	       1	       1
       854	   402.277	   115.912	       1	       1
       362	   958.437	   432.047	       1	       1
       874	   977.091	    55.984	       1	       1
       327	   942.021	   561.056	       1	       1
       409	   705.621	   667.563	       1	       1
       366	    28.622	   116.971	       1	       1
       516	   408.526	    23.496	       1	       1
       852	   931.111	   530.587	       1	       1
       918	   827.084	   377.143	       1	       1
       924	   659.759	   283.464	       1	       1
       168	   259.557	   391.901	       1	       1
       965	   505.096	   393.573	       1	       1
       655	   677.517	   528.843	       1	       1
       154	   609.658	   113.213	       1	       1
       873	   496.753	   155.901	       1	       1
       618	    12.079	   148.684	       1	       1
       966	   470.816	   365.999	       1	       1
       437	   266.043	   403.700	       1	       1
       758	   694.160	   109.730	       1	       1
       297	   542.451	   314.803	       1	       1
       757	   786.911	   317.095	       1	       1
       621	   575.470	     3.584	       1	       1
       310	   699.374	   403.359	       1	       1
       802	   836.862	   423.415	       1	       1
       968	   529.454	   832.078	       1	       1
       857	   951.464	   101.284	       1	       1
       543	   312.523	    77.654	       1	       1
       925	   750.524	   208.844	       1	       1
       855	   518.354	   839.229	       1	       1
       555	    79.230	   551.439	       1	       1
        14	   300.392	   848.709	       1	       1
       561	   624.828	   854.037	       1	       1
       134	   647.319	   114.296	       1	       1
        77	    71.825	   373.108	       1	       1
       172	   396.722	   271.373	       1	       1
       172	    57.812	   489.940	       1	       1
        52	   511.597	   309.767	       1	       1
       856	   184.451	   894.357	       1	       1
       732	   744.074	   526.817	       1	       1
       880	   415.486	   981.139	       1	       1
        48	   316.162	   805.208	       1	       1
       388	   644.469	   846.722	       1	       1
       698	   648.464	   793.065	       1	       1
       132	   724.999	   911.330	       1	       1
       731	   895.496	   580.494	       1	       1
       520	   380.957	   690.739	       1	       1
       783	   471.695	   669.112	       1	       1
       516	   847.239	   920.790	       1	       1
       240	   864.218	   383.734	       1	       1
       229	   217.997	   193.685	       1	       1
       511	   625.420	    77.116	       1	       1
       402	   411.450	   756.523	       1	       1
       306	   591.436	   564.065	       1	       1
       207	   548.373	   965.026	       1	       1
       527	   297.853	   641.150	       1	       1
        17	   792.971	   438.466	       1	       1
       472	   514.763	   572.820	       1	       1
       815	   263.826	   622.848	       1	       1
       883	   645.310	   493.383	       1	       1
       344	   660.929	   998.510	       1	       1
       555	   434.488	   934.560	       1	       1
       549	   434.140	   509.023	       1	       1
       701	   179.209	   714.718	       1	       1
        87	   650.436	   269.516	       1	       1
        40	   913.288	   551.574	       1	       1
       949	    51.405	   636.899	       1	       1
       184	   734.191	   539.738	       1	       1
        19	   328.118	   572.842	       1	       1
       845	   907.629	   821.770	       1	       1
       781	    84.492	   908.898	       1	       1
       973	    55.524	   580.155	       1	       1
       832	   525.908	   481.769	       1	       1
       363	   937.509	   751.256	       1	       1
       969	   969.981	   218.877	       1	       1
       237	   234.356	   330.778	       1	       1
       602	   850.914	   317.903	       1	       1
       294	   656.932	   632.888	       1	       1
       687	   645.423	    16.138	       1	       1
       458	   855.358	   997.628	       1	       1
       431	   931.057	   550.802	       1	       1
       999	   438.093	   172.267	       1	       1
       412	    52.713	   165.106	       1	       1
       344	   547.494	   228.521	       1	       1
       369	   202.117	   156.496	       1	       1
       464	   853.310	   875.059	       1	       1
       998	   721.343	   518.377	       1	       1
        62	   931.012	   322.357	       1	       1
       404	   485.215	   247.928	       1	       1
       938	   923.396	   521.059	       1	       1
       824	   888.721	   653.188	       1	       1
        73	    89.803	   891.293	       1	       1
       645	   966.785	   767.755	       1	       1
       743	   133.981	   368.928	       1	       1
       668	   426.328	   350.007	       1	       1
       942	   858.828	   427.529	       1	       1
       167	   454.268	    16.297	       1	       1
       514	   128.900	   220.819	       1	       1
        49	   308.793	   511.462	       1	       1
       806	   470.802	   788.310	       1	       1
       576	   693.147	   185.023	       1	       1
        39	   639.273	   545.828	       1	       1
       193	   295.594	   798.195	       1	       1
       369	   348.348	   326.101	       1	       1
       356	   131.047	   176.669	       1	       1
       933	   514.817	   543.956	       1	       1
       966	   607.738	   717.550	       1	       1
       884	   205.722	   252.148	       1	       1
       406	   992.568	   705.388	       1	       1
       155	   142.178	   295.237	       1	       1
        81	   718.765	   311.737	       1	       1
       613	   647.367	   650.163	       1	       1
       913	   798.854	   415.066	       1	       1
       390	   613.725	   823.561	       1	       1
       477	   726.182	   339.688	       1	       1
       194	   536.337	    25.339	       1	       1
       573	   647.552	   581.405	       1	       1
       938	   322.653	   660.552	       1	       1
       726	   476.402	   641.455	       1	       1
       584	    26.220	     4.637	       1	       1
       112	   425.571	   599.008	       1	       1
       189	   957.837	   433.643	       1	       1
       618	   840.763	    44.326	       1	       1
       552	   932.998	   695.287	       1	       1
       160	   309.126	   526.677	       1	       1
       271	   677.620	   353.419	       1	       1
       485	   609.057	   638.447	       1	       1
       105	   204.431	   825.697	       1	       1
       371	   165.722	   896.280	       1	       1
       416	   299.627	   645.145	       1	       1
       726	   537.346	   938.754	       1	       1
       126	   340.003	   821.412	       1	       1
       375	   484.226	   153.979	       1	       1
        32	   868.370	   111.901	       1	       1
       412	   800.900	   531.240	       1	       1
       231	   546.620	   769.837	       1	       1
       295	   181.609	   770.372	       1	       1
        28	   700.848	   163.606	       1	       1
        62	   783.241	   841.024	       1	       1
       132	   440.239	   627.930	       1	       1
       553	   825.642	   854.016	       1	       1
       315	   391.217	   855.225	       1	       1
       748	   928.511	   961.306	       1	       1
       477	    50.894	   154.182	       1	       1
       387	   490.290	    46.954	       1	       1
       743	   873.173	   520.372	       1	       1
       183	   853.793	   694.684	       1	       1
       757	   796.316	    26.200	       1	       1
       957	   504.733	   413.833	       1	       1
       352	   820.747	    63.844	       1	       1
       793	   486.284	   828.218	       1	       1
       209	   847.719	   520.687	       1	       1
       698	   750.862	   934.328	       1	       1
       422	   427.643	   123.643	       1	       1
       733	   125.319	   676.788	       1	       1
       805	   474.654	   252.108	       1	       1
       821	    79.138	   451.090	       1	       1
       157	   888.156	   740.784	       1	       1
       601	    52.957	   380.151	       1	       1
       848	   839.046	   660.543	       1	       1
       354	   366.512	   591.637	       1	       1
       224	   922.317	   289.918	       1	       1
       533	   810.765	   614.350	       1	       1
       239	   879.357	   524.434	       1	       1
       459	   150.184	    73.174	       1	       1
       615	   858.762	   886.637	       1	       1
       281	   799.128	   860.658	       1	       1
       701	   611.540	   825.253	       1	       1
       864	   846.907	   156.722	       1	       1
   984.170	   552.747
   696.303	   836.140
   560.647	   278.989
   182.920	   430.934
   938.085	   972.407
   721.671	   505.126
   209.634	   745.664
   113.353	    53.866
   358.469	   111.657
   271.148	   807.226
   908.152	   791.177
   497.946	   444.581
   970.009	   956.731
   981.170	   932.114
   319.852	   435.432
    34.913	    94.221
     3.447	   901.445
   386.105	   312.183
   317.130	   207.040
   339.849	   293.815
   232.991	   678.331
   463.512	   758.387
   733.222	   389.312
   360.575	   209.132
   903.222	   429.440
   600.965	   363.469
   110.013	   932.161
   170.320	   326.464
    56.810	   242.711
   183.927	   641.302
   445.049	   310.224
   179.472	   267.737
   792.299	   678.964
   128.429	   723.985
   418.982	     2.543
   672.242	   407.674
   795.177	   273.768
   922.552	   482.490
   633.702	    39.938
   789.029	   476.803
   308.212	   735.390
    97.491	   585.140
   880.083	    53.247
   908.572	    89.391
   591.358	   707.291
   866.578	   838.549
   656.857	    52.222
   882.263	   418.510
   239.511	   141.072
   929.316	   472.107
   572.731	   332.300
   119.688	   818.769
   621.229	   806.052
   341.617	   579.162
   889.133	   742.187
   925.547	   892.701
   927.995	   836.369
   217.857	   526.489
   682.970	   518.648
   722.809	   715.017
   305.539	   433.478
   396.758	   527.981
   262.280	   456.383
   449.443	   858.731
   540.277	   841.778
    84.920	   418.333
    56.376	   417.528
   489.736	     2.468
   529.125	    20.268
   230.138	   174.483
   356.556	   787.798
   658.800	    50.427
    37.639	   943.963
   640.989	   533.641
   972.986	   133.554
   331.229	    67.048
   382.197	   407.989
   983.189	   962.684
    27.956	   278.237
   670.067	   699.964
   626.311	   632.462
    46.373	   892.062
   627.730	    70.274
   655.429	   558.849
   255.998	   675.219
   653.847	   971.098
   355.578	   687.511
   945.000	    53.675
   275.729	   997.346
   901.993	   888.042
   583.393	   367.252
   696.637	   424.414
   998.734	   193.713
   969.467	   218.336
    79.667	   538.059
   270.141	   564.966
    15.777	   573.435
   802.751	   543.635
   932.302	   667.886
   539.260	   381.610
   685.108	   976.935
   188.605	   249.753
   948.104	   811.196
   989.255	   330.505
   241.059	   214.598
   933.678	   971.214
   991.840	   252.230
    77.885	   975.413
   522.839	   479.469
   992.581	    26.643
   813.449	   423.307
   533.266	   741.477
   436.292	   175.862
   110.914	   341.959
   922.109	   843.790
   520.464	   665.648
   200.529	   517.715
   267.091	   607.104
   254.984	   775.850
   937.440	   956.531
   240.184	   906.090
   230.884	   162.270
   961.453	   974.128
   282.411	   850.944
   225.893	   666.790
   878.791	   693.631
   402.361	   996.609
   203.194	   185.606
   406.439	    60.280
   112.937	   637.513
   669.955	   947.164
   747.079	   882.980
   124.083	   254.099
   181.477	   952.649
   959.405	    18.881
   293.567	   813.695
   365.245	   180.964
   126.943	   100.815
   628.787	   182.520
   117.947	   604.706
    24.877	   857.526
   430.441	   172.776
    91.214	   830.622
   604.164	   333.634
   540.428	   608.243
   721.109	   860.859
   967.908	   229.541
   959.495	   814.661
    19.617	   712.751
   578.768	   372.718
   969.785	   920.780
   550.091	   736.042
   455.308	   324.260
   327.922	    48.982
   676.387	   523.625
   908.479	   847.341
   357.141	   893.126
   989.722	   569.424
   293.528	   657.226
   238.992	   654.858
   407.595	   172.446
   199.126	   901.985
   848.013	   874.743
   400.602	   733.406
   573.067	   722.111
   972.860	   277.042
   181.588	   407.661
   724.064	   200.849
   718.095	   784.544
   437.009	   913.366
   153.883	   794.966
   227.394	   182.099
   326.664	   186.818
   965.601	   628.545
   951.084	    13.631
    20.347	    93.254
   691.063	   620.388
   577.906	   427.815
   366.809	   182.626
   540.308	   636.744
   961.905	   289.520
   645.408	   862.741
   350.676	   606.630
   613.105	   461.327
   815.311	   573.415
    78.899	   808.041
   628.466	   957.269
   645.473	   259.632
   249.407	   401.345
   146.811	   885.140
   851.634	   268.668
   665.075	   672.763
    74.916	   377.594
   339.262	   132.290
   852.948	    77.728
   351.804	   703.802
   216.131	   502.205
   374.210	   837.651
   235.410	   652.923
   513.839	    43.164
    73.366	   349.241
   698.827	   628.265
   914.929	   192.808
   770.180	   780.519
   670.264	   167.712
   571.087	   452.809
   302.325	     1.350
   567.024	   615.938
   195.739	    12.462
   311.992	   114.799
   546.049	   623.215
   270.869	   845.182
   493.590	   900.341
   372.160	   868.694
   866.771	   730.551
   430.146	   415.984
   802.561	   661.425
   347.513	   778.149
   196.832	   438.058
    11.342	   996.701
