800	100	10	2000	
       209	   174.736	    36.975	       2	       1
       698	   341.953	   311.614	       4	       3
       422	   144.598	   323.479	       1	       5
       733	   716.771	   607.442	       1	       1
       805	   699.308	   650.831	       4	       4
       821	   688.497	   846.055	       2	       3
       157	   253.396	   927.581	       4	       4
       601	   692.360	   660.458	       2	       1
       848	   227.298	   578.174	       4	       4
       354	   424.649	   398.716	       1	       3
       224	   371.922	   966.612	       1	       2
       533	   355.308	   154.079	       2	       5
       239	    57.655	   895.087	       1	       4
       459	   631.647	   311.013	       4	       2
       615	   707.317	   548.489	       2	       2
       281	   613.589	   682.066	       1	       2
       701	   648.313	   236.470	       3	       1
       864	   169.941	   167.737	       2	       4
       567	   149.447	   508.482	       3	       4
       381	   514.175	   791.864	       1	       3
       457	   875.333	   692.414	       3	       3
       948	   183.953	   118.973	       2	       5
       672	   462.839	   900.742	       3	       3
       119	   428.932	   479.738	       1	       2
       625	   497.289	   946.677	       4	       2
       476	   161.511	   553.434	       1	       5
       178	   342.441	    84.802	       3	       5
       694	   261.880	   202.463	       1	       3
       922	   844.527	   854.238	       2	       3
       283	   800.332	   705.927	       3	       2
       885	   426.639	   894.940	       3	       2
       610	   607.015	   329.146	       1	       2
       240	   145.466	   528.001	       4	       5
       906	   509.613	   650.398	       4	       2
       250	   296.947	   594.291	       2	       5
       363	   859.651	   231.463	       2	       1
        92	   671.598	   426.821	       4	       3
       897	   633.474	   248.111	       3	       3
       977	   124.751	   845.615	       1	       4
       510	   470.588	   986.677	       3	       4
        24	   986.573	    66.571	       2	       1
       686	   948.299	   713.928	       2	       1
        36	   645.086	   330.116	       2	       1
       938	   151.725	   625.435	       4	       1
       907	   639.127	   258.130	       4	       5
       954	   565.662	   651.008	       2	       2
       354	   468.666	   371.147	       3	       3
       511	   428.037	   294.821	       2	       3
        32	   599.270	   911.763	       2	       5
       812	   849.970	   942.499	       1	       4
       872	   751.121	   613.550	       1	       5
       543	   579.361	   214.468	       2	       2
       206	   924.704	   939.419	       1	       5
       973	    64.740	   750.454	       1	       1
       698	   991.347	   751.090	       2	       3
       128	    52.995	   211.721	       4	       5
       156	   199.496	   830.157	       4	       1
       363	   422.753	   240.095	       3	       4
       661	   107.509	   631.621	       2	       3
       661	   623.670	   710.740	       1	       1
       387	    47.993	   742.383	       3	       5
       446	   284.624	   390.265	       4	       1
       854	    61.037	   759.825	       4	       3
       590	   703.519	   902.936	       3	       1
       183	   668.456	   587.420	       2	       1
       202	   378.581	    90.410	       2	       3
        99	   188.194	   128.976	       2	       5
       562	   747.005	   105.263	       4	       1
       785	   340.379	   172.727	       1	       2
       785	   795.301	   126.431	       1	       5
       256	   487.901	   778.301	       2	       3
       299	   525.669	    39.412	       4	       1
       580	    28.491	   241.558	       1	       3
       273	   644.232	   879.066	       3	       4
       172	   350.657	   973.519	       1	       3
       142	   229.205	   605.422	       1	       1
       399	   433.883	   976.238	       2	       1
       967	   382.467	    43.452	       4	       2
       128	   469.789	   948.573	       2	       2
       881	   979.483	   311.296	       3	       2
       188	   364.378	   798.973	       4	       3
       598	   774.410	   810.629	       1	       5
       439	   552.768	   859.999	       1	       3
       264	   889.131	   458.551	       2	       4
       362	   354.953	   930.644	       4	       4
       927	   245.519	   257.893	       3	       5
       124	   911.019	   934.445	       4	       3
       391	    43.534	   619.120	       4	       3
       102	   950.753	   985.445	       3	       3
       337	   556.407	    32.644	       2	       5
       742	   376.363	   725.167	       1	       4
       761	   995.052	   565.554	       3	       2
       675	    58.363	   492.424	       2	       4
       499	   516.706	   259.218	       4	       3
       257	    31.097	   326.831	       4	       3
       875	   571.176	   249.462	       3	       2
        11	   180.469	   219.268	       4	       1
       279	   630.959	   799.661	       2	       3
       126	   980.924	   502.395	       1	       2
        48	   874.903	    83.190	       4	       2
       223	   451.836	   776.984	       2	       2
       421	   708.461	   533.649	       2	       4
       688	   777.469	   739.388	       4	       1
       990	   494.843	   515.394	       3	       3
       171	   528.533	   399.946	       1	       5
       779	   150.784	   986.247	       1	       4
       425	   369.400	    28.243	       3	       4
       255	   142.221	   932.764	       3	       3
       123	   726.894	   930.855	       4	       1
       636	   477.013	   390.919	       4	       5
       304	   448.879	   214.465	       4	       2
        38	   885.998	   619.213	       4	       3
       725	   527.619	   177.972	       2	       3
       636	   409.091	   803.208	       4	       1
       877	   268.892	   253.934	       4	       3
        41	    72.012	   290.806	       1	       4
       189	   418.136	   915.916	       3	       3
        76	    25.753	   902.917	       3	       3
       845	   291.154	   535.381	       3	       4
       938	   503.510	   862.839	       1	       3
       852	   965.933	   352.533	       1	       2
       938	   109.383	   997.884	       4	       1
       783	   673.041	   433.690	       4	       1
        10	   499.932	   294.812	       2	       3
       943	   777.098	    41.574	       2	       1
       376	   143.607	   989.707	       2	       4
       850	    83.203	   464.888	       4	       3
       437	   399.219	   734.585	       1	       5
       374	   796.962	   640.808	       1	       3
       802	   191.676	   723.093	       2	       2
       154	   767.777	    51.111	       2	       5
       391	   290.298	   920.045	       3	       2
       874	   216.891	   926.841	       1	       1
       234	    16.716	   551.995	       2	       5
       307	   398.659	   963.916	       3	       5
       162	   381.081	   280.956	       3	       3
       287	   659.345	   602.147	       1	       4
       933	    70.918	   396.463	       4	       2
        56	   152.604	   628.023	       2	       1
       301	    16.576	   300.632	       4	       5
       328	   113.796	   819.358	       4	       3
        78	   651.789	    69.786	       2	       2
       328	   402.657	    41.878	       1	       1
       903	   321.026	    49.396	       4	       3
       554	   557.912	   150.455	       1	       2
       259	   993.460	   395.350	       4	       3
        55	   834.487	   955.390	       1	       1
       866	   699.623	   110.795	       3	       4
       368	   918.259	   647.553	       1	       1
       381	    39.729	   527.622	       4	       3
       948	    70.333	   353.242	       4	       2
        67	   474.006	   198.199	       2	       5
       675	   349.167	   220.594	       1	       4
       810	   937.252	    43.822	       2	       4
       370	   489.565	   713.164	       1	       1
        43	   539.649	   653.840	       1	       2
       512	   895.260	   443.770	       3	       4
       656	   446.635	   718.939	       1	       1
       203	   877.034	   109.976	       2	       4
       317	   253.582	   938.719	       3	       2
       553	   273.810	   847.627	       4	       2
       401	   328.361	   659.036	       1	       2
       261	   547.564	   378.831	       2	       4
       151	   220.129	   416.567	       4	       5
       137	   671.429	   482.154	       2	       2
       397	   142.793	   935.284	       1	       1
       422	    94.100	   863.593	       3	       5
       665	   870.192	   477.924	       1	       3
       807	   236.869	   554.518	       1	       5
       588	   386.004	   875.404	       1	       3
       761	   571.542	   949.264	       1	       2
        71	   525.802	   639.185	       2	       2
       733	    76.024	   748.520	       3	       4
       106	   874.126	   351.625	       1	       1
       580	   951.136	   918.028	       2	       5
       988	   812.507	   836.752	       1	       2
       754	   283.802	   552.056	       3	       3
       516	   527.847	   867.627	       4	       2
       940	   339.417	   849.872	       2	       5
       808	   554.667	   808.411	       3	       4
       195	   974.403	   130.693	       1	       3
       106	   311.703	   536.003	       1	       1
       955	   668.797	   900.783	       4	       4
       518	   325.967	   770.832	       3	       2
       824	   774.477	   420.713	       3	       5
       349	   325.810	   977.880	       3	       1
       819	   889.827	   250.773	       1	       5
       286	   751.708	   333.610	       2	       1
       514	   762.632	   954.201	       3	       2
        50	   469.479	   808.715	       3	       5
       898	   210.765	   900.340	       3	       3
       520	    41.475	    11.590	       3	       5
       120	   321.829	   379.764	       4	       5
       444	    37.113	   235.522	       4	       5
       512	   693.855	   295.935	       1	       2
       142	   670.350	   737.995	       3	       5
       275	   430.472	   724.085	       4	       1
       134	   767.789	   461.799	       2	       2
       394	   536.008	   365.274	       2	       1
       228	    39.860	   584.692	       3	       4
       415	   134.793	   533.708	       1	       5
       517	   193.416	   550.580	       3	       4
        84	   335.664	   615.477	       1	       5
       159	    52.313	   395.648	       3	       4
       256	   605.117	   771.718	       2	       3
       427	   512.061	   251.203	       2	       4
       897	   617.461	   655.761	       2	       4
       176	   432.356	   960.397	       3	       4
       815	   847.700	     3.555	       2	       2
       565	   454.059	   723.361	       2	       4
       113	    15.404	   108.995	       1	       1
       555	   873.068	   543.787	       3	       5
       105	   656.202	   626.916	       1	       3
       435	   823.003	   242.947	       4	       2
       209	   951.776	   913.844	       2	       4
        79	    50.912	   622.313	       1	       5
       720	   235.072	   231.695	       2	       4
        33	    63.343	   770.132	       2	       3
       736	   421.658	   105.507	       4	       1
       116	   863.829	   555.225	       1	       3
        49	    81.624	    94.956	       2	       4
        41	   473.112	   580.984	       4	       1
       303	   125.543	   252.980	       2	       3
        48	   772.886	   649.467	       2	       1
       194	   841.422	   715.827	       3	       5
       865	    43.291	   524.186	       2	       2
       934	   486.441	   657.521	       1	       3
       430	   239.411	   813.294	       1	       5
       588	   952.474	   807.512	       4	       1
       788	   943.893	   619.682	       3	       5
       478	   613.934	   451.102	       2	       2
       906	   973.487	   407.950	       1	       3
        26	   344.861	   874.748	       4	       5
       808	   897.851	   702.932	       4	       4
       909	   434.595	   184.935	       1	       1
       518	   235.815	   565.732	       4	       1
       984	   940.828	   908.808	       2	       5
       886	   684.218	   150.690	       3	       1
       709	    64.912	   845.518	       4	       4
       575	   870.425	   820.202	       2	       3
       131	   701.380	   499.341	       2	       2
       762	   604.927	    37.584	       1	       4
       253	   732.375	   147.503	       2	       5
       896	   253.439	   922.639	       1	       2
       975	   600.489	    44.155	       2	       2
       827	   814.619	   372.499	       1	       4
       468	    54.114	   619.040	       2	       4
       885	   130.511	   196.948	       4	       5
       696	   842.446	   981.080	       2	       1
       165	   618.346	   155.975	       2	       2
       683	   531.288	   539.679	       4	       2
       850	   248.291	   618.011	       2	       1
       590	   295.079	   230.990	       1	       5
       561	   872.686	   466.309	       3	       1
       938	   421.666	   491.009	       2	       1
       875	    64.430	   766.862	       4	       3
       913	   896.985	   634.281	       1	       3
       555	   203.381	   467.550	       1	       3
       968	   826.228	   666.943	       3	       2
       792	   881.771	   453.377	       2	       3
        87	   486.751	   525.712	       4	       2
       949	   598.465	   658.568	       1	       5
        71	   527.267	   181.195	       3	       3
       863	   624.821	   788.050	       3	       3
       558	   855.042	   602.865	       3	       5
       790	   282.139	   980.333	       1	       4
       516	   883.756	   222.383	       2	       4
       447	   567.690	   466.266	       4	       1
       896	   115.103	   895.642	       4	       3
       292	   227.001	   601.433	       4	       1
       860	   595.982	   725.959	       2	       3
       772	   239.446	   413.670	       2	       2
       905	   131.416	   684.310	       2	       3
       493	   161.848	   946.055	       3	       5
       534	   844.873	   200.186	       1	       4
       755	   602.184	   807.365	       4	       5
       877	   963.567	   969.538	       1	       4
       291	   345.679	    14.569	       3	       1
       751	   595.625	   215.210	       1	       2
       395	   598.985	   117.377	       2	       4
       502	   615.704	   767.424	       1	       5
       691	    59.177	    81.217	       4	       1
       629	   750.317	   998.414	       3	       1
       577	   948.209	   389.612	       4	       4
       577	   534.679	   905.203	       1	       5
       458	   192.556	   188.578	       3	       2
       665	   752.926	   440.872	       3	       3
       486	     7.319	   844.812	       1	       5
       306	   328.256	   595.270	       2	       1
       326	   917.606	   462.158	       4	       5
       592	   588.367	   512.650	       1	       1
       443	   855.190	   573.886	       1	       1
       188	   604.672	   440.319	       1	       2
       682	   822.578	   193.559	       2	       1
       228	   879.484	   113.966	       3	       2
       286	   320.986	   151.228	       4	       5
       318	   122.955	    52.491	       2	       1
       560	   721.303	   558.676	       1	       2
       459	   440.347	   847.721	       1	       2
       730	   126.736	   359.119	       4	       1
       963	   589.824	    75.311	       1	       5
       830	    36.068	   425.724	       2	       1
        99	   200.182	   602.008	       3	       4
       797	   788.301	   425.403	       1	       5
       586	    12.097	   810.721	       1	       4
        52	   303.346	   941.886	       4	       5
       825	    21.376	   869.911	       3	       2
       927	   997.485	   703.999	       4	       1
       107	   582.030	   470.299	       3	       3
        11	   293.376	   682.698	       4	       2
        99	   928.949	    13.418	       4	       4
        48	   507.119	   982.478	       4	       5
       918	   454.692	   172.077	       3	       3
       890	   587.872	   906.260	       4	       2
        28	   264.138	   807.110	       3	       3
       983	   305.288	   800.140	       4	       5
       983	   371.655	   268.936	       4	       2
       482	   244.448	   219.154	       2	       5
       502	   584.547	   428.801	       4	       5
       484	   695.846	   849.371	       3	       3
       477	    71.947	   450.380	       1	       2
       305	   971.083	   935.420	       4	       5
       876	   753.071	   352.679	       3	       3
       137	   806.163	   619.392	       1	       4
       281	   751.640	   980.699	       1	       5
       303	    80.061	   643.463	       1	       5
       496	   481.696	    45.498	       4	       3
       174	   445.673	   463.557	       4	       4
       364	   672.473	   334.751	       1	       5
       137	   448.737	   532.182	       4	       5
       248	   704.313	   284.746	       2	       3
       779	   681.645	   122.261	       3	       2
        42	   697.149	   668.289	       3	       1
       680	   618.601	   681.360	       4	       1
        17	   150.981	   867.139	       4	       5
       122	   760.802	   132.381	       2	       1
        60	   781.046	   798.620	       4	       2
       700	   904.103	   826.769	       4	       4
       170	   233.769	   646.550	       2	       3
       821	   176.679	   204.922	       4	       5
       947	   391.099	   261.421	       1	       4
       719	   320.565	   418.497	       3	       2
        11	   815.477	   541.799	       3	       4
       619	   613.526	   477.438	       3	       2
       384	   760.002	   467.460	       1	       1
       189	   427.665	   839.841	       3	       2
       552	    99.441	   870.102	       3	       5
       604	   115.035	   816.754	       2	       1
       699	   373.407	   877.801	       1	       1
       347	   193.848	   571.009	       1	       3
       988	   820.746	   964.036	       1	       5
       745	   599.636	   606.544	       1	       4
       465	   688.845	   603.948	       3	       2
       775	   491.110	   319.298	       2	       5
       415	    88.174	   681.204	       4	       1
       540	   235.078	    51.966	       4	       3
       696	   461.602	   134.546	       2	       3
       182	   198.592	   130.242	       1	       3
       741	    25.476	   655.201	       3	       4
       147	   729.398	   175.333	       3	       5
       398	   724.917	   341.147	       2	       3
        87	   330.392	    44.312	       3	       4
       521	   843.494	   233.734	       2	       3
       841	   428.442	   964.224	       3	       1
       161	   864.686	   509.139	       2	       5
       105	   657.065	   151.075	       3	       2
       765	   581.036	   523.009	       1	       1
       197	   200.727	   943.509	       1	       4
       751	   529.547	   865.686	       3	       4
       647	   894.432	   392.066	       3	       4
        74	   304.994	   283.868	       1	       4
       988	   870.946	   761.730	       2	       4
       425	   908.745	   240.484	       3	       1
       651	   329.845	   254.232	       1	       5
        94	   683.074	    84.086	       3	       3
       984	   899.221	   864.144	       4	       5
       243	    75.697	   447.899	       1	       4
        78	   878.588	   561.786	       4	       1
        64	   190.839	   736.711	       2	       5
        35	   849.769	   796.489	       1	       3
       477	   667.119	   447.508	       1	       4
       421	   344.339	   184.128	       4	       1
       772	   151.376	   828.733	       4	       2
       578	   635.371	    30.998	       3	       1
       614	   847.788	   946.728	       4	       2
       786	   821.849	   576.978	       1	       2
       961	   628.240	   875.389	       4	       1
       887	   956.302	   608.565	       3	       4
       342	   589.923	   251.660	       4	       5
       184	   197.833	   296.130	       2	       1
       955	   429.331	   532.923	       3	       1
        21	   336.746	   962.078	       1	       5
       146	   991.945	   184.496	       4	       5
       455	   380.236	   509.898	       1	       1
       852	   992.701	   343.788	       1	       4
       161	   518.804	   769.725	       1	       4
       354	   172.280	   802.866	       3	       5
       227	    74.574	   424.560	       3	       2
       476	   370.306	   204.122	       4	       4
       220	   123.419	    67.089	       4	       3
        15	   634.519	   198.648	       1	       5
       889	   413.920	   272.401	       3	       1
       692	   990.916	   598.789	       2	       2
       824	   929.956	   873.083	       4	       3
       543	   149.236	   128.231	       2	       4
       957	   394.882	   958.189	       2	       1
       127	   461.580	   683.171	       1	       2
       595	   560.949	   741.964	       2	       5
       948	   780.364	   982.881	       3	       1
       919	   487.194	   416.101	       2	       2
       668	   419.994	   531.583	       3	       3
       161	   262.000	   679.213	       3	       4
       567	   910.806	   512.875	       2	       2
       489	    22.272	   299.112	       1	       5
       391	   821.122	   105.385	       2	       5
       574	   188.468	   284.932	       3	       4
       939	   685.757	   768.853	       4	       2
       704	   355.209	   640.783	       3	       4
       920	   974.213	   801.331	       1	       5
       963	   122.772	   517.121	       1	       2
       377	   187.570	   232.100	       1	       1
       455	   889.442	   627.962	       4	       4
       690	   583.406	   304.005	       3	       5
       763	   309.246	    29.529	       1	       5
       338	     0.764	   903.331	       4	       4
       971	   227.598	   420.370	       4	       5
       288	   145.404	   426.131	       4	       2
        12	   203.434	   741.252	       2	       2
       224	   896.323	   948.458	       4	       1
       267	   873.094	    72.516	       1	       1
        82	   700.289	   172.701	       3	       5
       317	   470.498	   322.357	       3	       2
       465	   827.136	   248.424	       4	       2
       890	   495.826	   495.495	       1	       2
       737	   363.489	   824.460	       2	       4
        87	   275.603	   853.972	       2	       5
       840	   924.741	   595.830	       3	       2
       570	   386.989	   240.174	       2	       1
       266	   492.881	   186.493	       4	       5
       564	   254.438	   743.391	       3	       4
       305	   884.967	   237.214	       1	       4
       525	   383.263	   539.491	       2	       5
       451	   297.575	   749.281	       2	       1
       821	   717.595	   228.249	       1	       5
       575	   190.870	   174.501	       2	       1
       949	   118.193	    39.736	       4	       5
       980	   836.998	   147.569	       4	       3
       876	   744.136	   851.439	       2	       2
       875	   590.521	   104.636	       3	       1
       853	   242.892	   223.645	       4	       3
       709	   623.247	    32.757	       3	       2
       332	   638.355	   676.357	       1	       4
       852	   327.569	   231.703	       3	       5
       613	    67.489	   413.592	       1	       1
       271	   880.539	   139.301	       3	       2
        36	   459.957	   377.217	       4	       5
       973	   763.873	   424.437	       1	       3
        41	   253.889	   472.965	       3	       4
       533	   591.387	   422.842	       3	       4
       397	   428.795	   102.757	       1	       4
       704	   382.101	   772.580	       4	       2
       139	   126.713	   137.206	       3	       1
        23	   244.267	   424.292	       1	       1
        69	    79.342	   271.956	       4	       5
       902	   302.858	   301.008	       3	       2
       450	   741.705	   672.421	       4	       2
       731	   615.016	   517.787	       4	       3
       146	   672.411	   190.087	       1	       1
        48	     8.383	   469.134	       2	       5
       398	   678.377	   339.541	       3	       3
       336	   503.181	   704.497	       2	       5
       854	   230.908	   226.095	       1	       2
       851	   174.897	   844.988	       4	       5
        15	   184.983	   526.230	       3	       2
       473	   844.260	   500.620	       3	       1
        94	   982.590	   253.686	       3	       2
       197	   913.740	   186.156	       1	       2
        41	   347.369	   471.819	       2	       5
       484	   780.225	   981.824	       3	       1
        17	   546.455	   132.906	       4	       1
       245	   816.442	   283.462	       2	       1
       332	   483.727	   800.641	       2	       5
       170	   589.951	   664.777	       2	       5
       952	   787.263	   278.758	       2	       4
       469	   100.235	   314.648	       1	       2
       860	   537.007	   419.948	       2	       2
       310	   365.983	   602.787	       3	       3
       842	   604.307	   719.339	       2	       4
       559	   958.803	   857.300	       1	       3
       185	   392.823	   681.111	       1	       2
       467	   392.973	   236.982	       3	       4
       484	   790.637	   925.721	       3	       2
       350	   645.078	   781.195	       4	       4
       793	   393.884	   307.381	       2	       1
       459	   688.955	   304.966	       1	       5
        62	   404.002	   881.168	       1	       2
       719	   136.113	   126.078	       1	       3
       972	   450.643	   633.461	       3	       3
       355	   334.419	   277.713	       4	       3
        38	   217.969	   827.200	       3	       5
       797	   925.775	   364.523	       1	       3
       795	   689.639	   733.366	       2	       3
       783	   598.821	   192.418	       4	       3
       247	   746.657	   481.446	       2	       4
       217	   541.971	   803.595	       2	       5
       404	   700.533	   396.988	       3	       5
       264	   930.560	   161.574	       2	       2
       423	   862.617	   648.982	       2	       2
       155	   167.442	   753.326	       1	       3
       219	   263.139	   280.193	       2	       5
       440	    71.610	   451.362	       3	       4
        17	   978.673	   900.449	       1	       2
        27	   236.384	   871.986	       4	       1
       764	   660.598	   707.188	       1	       4
        96	    89.631	   590.901	       1	       3
       327	   210.771	   817.382	       3	       3
       330	   502.824	   907.645	       4	       2
       529	   104.954	     2.508	       2	       2
       807	   388.873	   397.228	       2	       5
       705	   537.988	   561.410	       2	       3
       806	   339.204	   733.923	       1	       4
       894	   555.900	    87.473	       1	       5
       493	   536.768	   399.755	       1	       5
        53	   390.610	   279.621	       3	       3
       492	   696.270	   423.510	       2	       2
        65	   678.482	   497.979	       3	       1
       242	   687.303	   660.015	       4	       4
       271	   561.491	   496.236	       4	       3
       316	   358.080	   620.468	       3	       1
       870	   613.112	   582.440	       1	       4
       201	   935.736	   428.332	       2	       2
       702	   596.889	     4.976	       4	       3
       115	   979.590	   194.516	       1	       3
       940	   441.007	   320.207	       4	       4
       236	   739.612	   146.978	       2	       1
       989	    37.604	   598.664	       3	       2
       855	   764.727	   611.499	       3	       1
       175	   518.282	   500.093	       1	       1
       483	     5.317	   320.849	       3	       4
       960	   277.200	   653.258	       4	       3
       270	   534.832	   190.283	       3	       1
       821	   767.963	     5.881	       3	       2
       149	    53.093	   734.942	       3	       1
       551	   549.053	   443.504	       1	       5
       854	   800.995	   697.842	       2	       1
       483	   649.583	   185.043	       3	       2
       426	   931.447	    62.620	       4	       5
       700	    74.731	   378.109	       1	       5
       242	   276.806	   695.997	       1	       3
       701	   919.238	   102.818	       2	       5
       692	   765.005	   195.834	       2	       5
       417	   599.740	   453.953	       2	       5
       893	   832.968	   621.149	       1	       5
       135	   896.043	   750.124	       3	       5
       611	   972.720	   109.735	       4	       2
        53	   998.521	   624.624	       3	       4
       264	   139.649	   387.361	       3	       1
       380	    70.542	   670.090	       1	       3
       893	    73.467	   203.560	       3	       5
       626	    14.744	   527.919	       1	       1
       866	   971.820	   172.163	       4	       2
       105	    94.767	    18.681	       4	       2
       294	   841.737	   486.950	       4	       3
        74	   685.173	   184.178	       4	       1
       124	   487.557	   638.343	       4	       4
       224	   346.695	   536.575	       1	       4
       776	   353.648	   774.945	       3	       3
       836	   253.839	   392.960	       4	       3
       866	   911.018	   989.452	       2	       3
       649	   725.643	   515.215	       3	       4
       317	    25.926	   478.823	       3	       4
       928	   461.521	   749.442	       1	       1
        20	   281.301	   572.688	       3	       3
       885	    28.966	   362.465	       2	       4
       553	   884.682	   489.245	       3	       3
       510	   771.005	   189.138	       1	       1
        19	   329.735	   393.583	       3	       5
       113	   796.559	    29.962	       4	       5
       144	   324.638	   462.529	       1	       2
       680	   307.882	   274.474	       2	       4
       845	   928.109	   526.716	       1	       4
       668	   976.916	    29.272	       3	       2
       662	   523.555	   555.087	       3	       2
       339	   951.935	   292.998	       3	       2
        84	   887.996	   577.491	       2	       4
       357	   518.033	   732.770	       3	       3
       971	   372.749	   440.338	       3	       4
       223	   710.355	   663.157	       4	       3
       575	   455.643	   238.910	       2	       4
       180	   605.213	   998.599	       1	       5
       656	   990.406	   242.879	       4	       1
       403	   773.916	   940.828	       2	       1
       174	   334.276	   217.220	       4	       2
       481	    88.998	   497.564	       2	       2
       197	   184.906	   821.177	       4	       4
       786	   526.852	   716.588	       3	       5
       447	   417.102	   705.580	       3	       2
       993	   800.660	   440.441	       1	       2
       540	   933.202	   754.175	       3	       1
       116	   177.865	   919.954	       1	       1
        31	   860.067	   441.352	       1	       2
        77	   957.395	   527.965	       1	       5
       519	   959.471	    66.036	       3	       2
        24	    37.863	   390.773	       4	       4
        30	    57.584	   467.239	       3	       4
       390	     5.797	   895.138	       1	       4
       991	   312.681	   110.557	       1	       5
       275	    55.698	   731.138	       4	       1
       564	   293.862	   545.471	       1	       5
       972	   356.016	   606.535	       2	       1
       798	   953.677	    29.783	       3	       2
       373	   476.951	   146.747	       2	       1
       922	   278.238	   283.983	       3	       5
       836	   503.005	     4.872	       1	       4
        87	   643.358	   669.158	       2	       4
        52	   111.246	   870.258	       4	       2
       301	   758.062	   546.968	       2	       4
       853	   851.946	   543.164	       2	       3
       166	   844.250	   615.726	       2	       3
       756	   890.507	   302.182	       2	       2
        95	   381.842	   366.732	       3	       4
        44	   443.805	   574.940	       3	       5
       950	   101.581	   809.217	       1	       3
       244	   225.807	   201.597	       2	       4
       230	   971.320	   327.524	       1	       4
       732	   284.624	   742.921	       3	       4
       402	   907.396	   340.920	       4	       5
       808	   890.552	    47.611	       3	       3
       586	   922.504	   156.357	       2	       2
       727	   156.150	   193.865	       2	       1
       284	   879.722	   495.112	       3	       1
       176	   631.995	   635.125	       1	       5
       254	   210.628	   880.220	       1	       3
       917	   345.116	   902.537	       2	       1
       962	   159.919	   307.161	       4	       1
       190	   444.348	   753.380	       1	       2
       733	    83.775	   282.428	       2	       1
       854	   165.318	   368.577	       2	       4
       974	   197.196	   292.727	       1	       1
       503	   691.027	   413.691	       1	       3
        35	   573.803	   214.716	       1	       2
       754	   873.323	   318.986	       3	       5
       365	   244.634	   121.920	       4	       5
       591	   629.608	   963.018	       3	       1
       553	    34.431	   503.983	       1	       1
        69	   516.198	   923.101	       4	       3
       328	   863.226	   746.160	       3	       3
        39	   984.127	   457.705	       1	       1
       332	     9.873	   754.622	       3	       3
       645	   252.841	   628.023	       1	       1
        42	   223.850	   303.758	       1	       3
       849	    47.538	   521.659	       1	       3
       259	    10.172	   712.312	       2	       5
       966	   490.195	   305.314	       4	       1
       359	    45.482	    12.523	       1	       4
       210	   278.328	   268.263	       3	       3
       933	   639.975	   796.745	       3	       2
       875	   294.692	   929.993	       1	       5
       999	   269.655	   625.331	       3	       4
        78	   590.547	   132.807	       3	       2
       560	   380.534	   757.570	       4	       3
       326	   702.523	   526.905	       2	       4
       107	   496.124	   753.869	       1	       1
       512	   633.209	   858.612	       4	       4
       787	   353.394	   947.542	       1	       1
       845	   287.044	   654.538	       1	       1
       344	   133.207	   854.258	       4	       5
       841	   937.080	   742.588	       1	       3
       798	   804.836	   727.101	       4	       5
       429	   938.029	   858.791	       4	       2
       449	   185.381	   923.003	       4	       3
       765	   933.156	   902.076	       1	       3
       166	   935.753	   395.750	       1	       5
       695	   283.545	    84.021	       3	       3
       102	   274.634	   829.574	       4	       5
       450	   551.432	   538.932	       2	       4
       900	   185.289	   542.076	       4	       2
       829	   442.101	   825.175	       2	       3
       526	   185.318	    31.984	       2	       3
       729	   947.376	   877.960	       1	       2
       981	   493.825	    34.634	       4	       5
        41	   963.918	   693.195	       1	       2
       750	   644.942	   587.484	       4	       1
        86	   484.316	   641.749	       3	       3
       446	   967.695	   374.080	       3	       3
       260	   143.190	   275.462	       3	       3
       816	   632.330	   509.409	       3	       1
       605	   661.888	   885.823	       3	       4
       730	   433.840	   565.290	       3	       5
       889	    59.357	   663.149	       3	       5
       494	   492.723	   441.379	       3	       4
        84	   465.134	   972.139	       1	       5
       592	   806.747	   742.522	       3	       3
       932	   256.661	   354.903	       2	       2
       750	   391.430	   653.531	       3	       5
       195	   240.172	   542.616	       2	       2
       808	   686.443	   884.056	       3	       3
       109	   989.883	   275.054	       3	       3
       458	   177.430	   108.067	       4	       4
       816	   821.447	   191.272	       2	       5
       924	   230.989	   387.046	       1	       1
        51	    57.976	   854.060	       1	       2
       508	   138.817	   270.845	       2	       1
       873	   935.153	   626.359	       2	       5
       835	   888.542	   623.552	       4	       1
       698	   289.260	   408.047	       3	       1
       692	   947.764	    50.335	       2	       5
       379	   849.931	   744.834	       2	       3
       252	   434.655	   295.726	       3	       2
       958	   468.050	   398.458	       2	       3
       672	   629.853	   377.240	       4	       1
       586	   158.032	   663.603	       4	       1
       976	    14.782	    86.333	       2	       4
       199	   265.512	   549.890	       3	       5
       198	    15.444	    15.422	       4	       2
       375	   674.499	   983.039	       3	       5
       106	   551.469	   598.427	       2	       3
       165	   321.648	   384.114	       4	       2
       266	   780.202	   146.748	       4	       1
       676	   145.785	   696.878	       4	       4
       828	   244.881	   905.808	       3	       1
       286	   292.314	   318.109	       2	       2
       772	   195.932	   766.492	       4	       1
        36	    87.939	   287.498	       4	       5
       971	   869.976	   957.225	       1	       5
       367	    88.189	   702.316	       1	       4
       983	   683.710	   625.016	       2	       3
       498	   120.401	   930.735	       1	       4
       796	    10.699	   269.042	       2	       1
       966	   557.268	   923.616	       2	       4
       263	   907.109	   678.083	       3	       5
       476	   860.457	   771.363	       3	       4
       752	   338.451	   571.635	       4	       4
       325	    27.159	   833.905	       3	       5
       639	   800.859	   698.282	       1	       5
       379	   805.985	   146.609	       1	       3
       584	   868.488	   612.461	       3	       1
       508	   669.647	   279.320	       1	       3
       688	   807.779	   915.879	       3	       2
       673	   897.498	   198.232	       4	       3
       590	   453.830	   285.716	       4	       3
       719	   557.825	    47.655	       2	       3
       199	   506.131	   447.579	       3	       3
       353	   691.984	   557.588	       1	       4
       460	   682.907	   573.561	       2	       1
       797	   520.314	   905.377	       1	       3
       769	   828.468	   347.414	       4	       2
       686	   505.779	   447.528	       1	       5
       795	   824.859	   851.238	       3	       3
       159	   281.845	   576.829	       2	       1
       215	   178.495	   653.993	       4	       2
       372	   969.871	   278.359	       4	       3
       898	   741.940	   487.471	       3	       5
       765	   259.792	   620.952	       4	       3
       676	   581.235	   133.394	       1	       2
       763	   955.262	    32.909	       3	       5
       426	    80.754	   113.411	       1	       5
       530	    83.534	   477.461	       2	       4
       914	   619.135	    24.027	       4	       3
       926	   224.493	   626.209	       4	       2
        78	   765.184	    97.583	       4	       1
       604	   568.153	   250.962	       1	       2
       320	   666.188	   426.493	       4	       5
       735	   107.814	   115.827	       1	       5
       393	    84.283	   270.552	       4	       4
       743	   625.121	    21.080	       1	       5
       513	   409.731	   985.046	       1	       2
       724	    87.253	   611.574	       3	       3
        99	   371.064	   378.354	       3	       2
       801	   672.144	    26.528	       4	       4
       872	   189.587	   389.839	       1	       1
       996	   895.729	   452.559	       3	       1
       791	   949.846	   931.003	       3	       5
       405	   961.573	   278.504	       2	       3
       948	   730.083	   614.782	       4	       1
       404	   406.288	   665.168	       4	       5
       226	   743.749	   185.961	       2	       1
        34	   287.987	   505.763	       3	       4
       825	   314.417	   786.501	       1	       1
       259	   605.896	    96.579	       1	       2
       462	   594.847	   606.035	       2	       5
       949	   878.661	    26.060	       3	       2
       741	   254.601	     7.047	       3	       4
       643	   766.188	    59.529	       3	       4
       151	   941.013	   481.400	       2	       3
        16	     1.033	   925.704	       2	       5
        12	   476.089	   405.557	       3	       2
       333	   657.040	    75.033	       1	       5
       359	   843.323	   861.352	       3	       3
       244	   183.739	   519.298	       4	       5
       398	   856.159	   318.936	       2	       3
       166	   364.365	   963.032	       3	       4
        45	   892.274	   938.262	       4	       4
       988	    27.712	   260.019	       2	       1
       368	    85.390	   201.392	       2	       2
       215	   981.410	   588.909	       2	       3
       184	   609.502	   842.518	       4	       5
        88	   417.632	   336.721	       4	       4
       627	   169.214	   586.429	       3	       4
       400	   649.901	   162.245	       4	       2
   194.594	   408.181
   761.335	   683.064
   150.098	    65.622
   265.907	   180.729
   689.495	   694.307
    15.089	   752.257
    32.194	   617.754
   287.526	   879.199
   336.623	   168.800
   362.216	   703.548
   807.191	   917.260
    35.981	   150.740
   358.395	   243.764
   638.278	   546.685
   143.004	   344.119
   857.739	   690.639
   645.564	    57.568
   115.293	   160.764
   208.097	   716.238
   745.498	   970.619
   403.407	   929.550
   484.470	   901.067
   887.455	   127.743
   137.444	   145.929
   964.373	    72.265
    42.630	   542.540
    99.440	   882.486
   223.238	   531.792
   806.585	   781.715
   455.873	   188.454
   653.251	   863.111
   174.321	   187.425
   166.722	    54.764
   520.848	   421.491
   740.294	   555.104
   462.474	   970.742
   869.614	    91.754
   660.412	   273.918
   249.090	   105.107
   234.902	   390.440
   374.047	   289.011
   756.616	   513.300
   937.938	   348.257
   861.906	   928.228
   261.611	   789.948
   412.279	   861.011
   611.544	   129.501
   546.834	   575.070
   389.275	   214.783
   101.421	   868.239
   712.245	    15.019
    88.135	   105.744
   866.077	   376.057
   863.448	   402.094
   708.451	   277.220
   486.425	    96.063
   699.147	   118.730
   394.987	   317.945
   797.496	   950.793
   786.417	   207.407
   155.529	   747.280
   317.818	   258.189
   343.983	    37.240
   364.170	    16.052
   566.646	   152.706
    41.687	   462.084
   659.970	   755.901
   201.632	   728.815
   416.463	   352.389
   450.893	   479.139
   348.727	   814.074
   383.280	   838.403
   180.306	   319.917
    68.130	     4.265
   551.257	    46.931
   595.867	   737.807
   145.500	   272.632
   230.942	   481.486
   286.377	   192.031
   830.751	   847.113
   153.421	   503.378
   552.139	   527.160
   568.140	   288.080
   343.420	   511.999
   350.617	     1.964
   959.112	   277.295
   553.344	   348.763
   652.731	   283.951
   490.740	    85.952
   646.650	   521.781
   605.251	   788.479
   145.173	   942.598
   334.681	   497.290
   460.434	   593.754
   127.822	   290.860
   363.073	   149.160
   228.142	   131.872
   847.503	   732.361
   341.474	   734.469
   226.789	   179.350
    73.366	   349.241
   698.827	   628.265
   914.929	   192.808
   770.180	   780.519
   670.264	   167.712
   571.087	   452.809
   302.325	     1.350
   567.024	   615.938
   195.739	    12.462
   311.992	   114.799
