800	400	40	2000	
       209	   174.736	    36.975	       2	       5
       698	   341.953	   311.614	       4	       1
       422	   144.598	   323.479	       1	       3
       733	   716.771	   607.442	       1	       1
       805	   699.308	   650.831	       4	       1
       821	   688.497	   846.055	       2	       3
       157	   253.396	   927.581	       4	       5
       601	   692.360	   660.458	       2	       1
       848	   227.298	   578.174	       4	       2
       354	   424.649	   398.716	       1	       5
       224	   371.922	   966.612	       1	       3
       533	   355.308	   154.079	       2	       1
       239	    57.655	   895.087	       1	       3
       459	   631.647	   311.013	       4	       4
       615	   707.317	   548.489	       2	       3
       281	   613.589	   682.066	       1	       1
       701	   648.313	   236.470	       3	       1
       864	   169.941	   167.737	       2	       2
       567	   149.447	   508.482	       3	       2
       381	   514.175	   791.864	       1	       2
       457	   875.333	   692.414	       3	       3
       948	   183.953	   118.973	       2	       5
       672	   462.839	   900.742	       3	       3
       119	   428.932	   479.738	       1	       4
       625	   497.289	   946.677	       4	       4
       476	   161.511	   553.434	       1	       5
       178	   342.441	    84.802	       3	       3
       694	   261.880	   202.463	       1	       3
       922	   844.527	   854.238	       2	       3
       283	   800.332	   705.927	       3	       5
       885	   426.639	   894.940	       3	       4
       610	   607.015	   329.146	       1	       2
       240	   145.466	   528.001	       4	       4
       906	   509.613	   650.398	       4	       3
       250	   296.947	   594.291	       2	       3
       363	   859.651	   231.463	       2	       2
        92	   671.598	   426.821	       4	       1
       897	   633.474	   248.111	       3	       3
       977	   124.751	   845.615	       1	       2
       510	   470.588	   986.677	       3	       2
        24	   986.573	    66.571	       2	       2
       686	   948.299	   713.928	       2	       4
        36	   645.086	   330.116	       2	       1
       938	   151.725	   625.435	       4	       3
       907	   639.127	   258.130	       4	       5
       954	   565.662	   651.008	       2	       4
       354	   468.666	   371.147	       3	       4
       511	   428.037	   294.821	       2	       3
        32	   599.270	   911.763	       2	       1
       812	   849.970	   942.499	       1	       5
       872	   751.121	   613.550	       1	       2
       543	   579.361	   214.468	       2	       3
       206	   924.704	   939.419	       1	       3
       973	    64.740	   750.454	       1	       1
       698	   991.347	   751.090	       2	       3
       128	    52.995	   211.721	       4	       4
       156	   199.496	   830.157	       4	       3
       363	   422.753	   240.095	       3	       3
       661	   107.509	   631.621	       2	       4
       661	   623.670	   710.740	       1	       3
       387	    47.993	   742.383	       3	       2
       446	   284.624	   390.265	       4	       1
       854	    61.037	   759.825	       4	       1
       590	   703.519	   902.936	       3	       3
       183	   668.456	   587.420	       2	       1
       202	   378.581	    90.410	       2	       4
        99	   188.194	   128.976	       2	       3
       562	   747.005	   105.263	       4	       5
       785	   340.379	   172.727	       1	       3
       785	   795.301	   126.431	       1	       2
       256	   487.901	   778.301	       2	       5
       299	   525.669	    39.412	       4	       2
       580	    28.491	   241.558	       1	       1
       273	   644.232	   879.066	       3	       5
       172	   350.657	   973.519	       1	       5
       142	   229.205	   605.422	       1	       3
       399	   433.883	   976.238	       2	       4
       967	   382.467	    43.452	       4	       2
       128	   469.789	   948.573	       2	       1
       881	   979.483	   311.296	       3	       5
       188	   364.378	   798.973	       4	       3
       598	   774.410	   810.629	       1	       2
       439	   552.768	   859.999	       1	       1
       264	   889.131	   458.551	       2	       3
       362	   354.953	   930.644	       4	       2
       927	   245.519	   257.893	       3	       3
       124	   911.019	   934.445	       4	       1
       391	    43.534	   619.120	       4	       4
       102	   950.753	   985.445	       3	       1
       337	   556.407	    32.644	       2	       3
       742	   376.363	   725.167	       1	       2
       761	   995.052	   565.554	       3	       5
       675	    58.363	   492.424	       2	       4
       499	   516.706	   259.218	       4	       4
       257	    31.097	   326.831	       4	       1
       875	   571.176	   249.462	       3	       2
        11	   180.469	   219.268	       4	       4
       279	   630.959	   799.661	       2	       1
       126	   980.924	   502.395	       1	       4
        48	   874.903	    83.190	       4	       2
       223	   451.836	   776.984	       2	       2
       421	   708.461	   533.649	       2	       2
       688	   777.469	   739.388	       4	       4
       990	   494.843	   515.394	       3	       5
       171	   528.533	   399.946	       1	       2
       779	   150.784	   986.247	       1	       1
       425	   369.400	    28.243	       3	       5
       255	   142.221	   932.764	       3	       3
       123	   726.894	   930.855	       4	       5
       636	   477.013	   390.919	       4	       3
       304	   448.879	   214.465	       4	       2
        38	   885.998	   619.213	       4	       2
       725	   527.619	   177.972	       2	       4
       636	   409.091	   803.208	       4	       1
       877	   268.892	   253.934	       4	       5
        41	    72.012	   290.806	       1	       2
       189	   418.136	   915.916	       3	       3
        76	    25.753	   902.917	       3	       2
       845	   291.154	   535.381	       3	       5
       938	   503.510	   862.839	       1	       4
       852	   965.933	   352.533	       1	       3
       938	   109.383	   997.884	       4	       1
       783	   673.041	   433.690	       4	       4
        10	   499.932	   294.812	       2	       2
       943	   777.098	    41.574	       2	       5
       376	   143.607	   989.707	       2	       1
       850	    83.203	   464.888	       4	       5
       437	   399.219	   734.585	       1	       1
       374	   796.962	   640.808	       1	       2
       802	   191.676	   723.093	       2	       5
       154	   767.777	    51.111	       2	       3
       391	   290.298	   920.045	       3	       5
       874	   216.891	   926.841	       1	       5
       234	    16.716	   551.995	       2	       5
       307	   398.659	   963.916	       3	       2
       162	   381.081	   280.956	       3	       5
       287	   659.345	   602.147	       1	       1
       933	    70.918	   396.463	       4	       2
        56	   152.604	   628.023	       2	       1
       301	    16.576	   300.632	       4	       4
       328	   113.796	   819.358	       4	       5
        78	   651.789	    69.786	       2	       4
       328	   402.657	    41.878	       1	       5
       903	   321.026	    49.396	       4	       4
       554	   557.912	   150.455	       1	       3
       259	   993.460	   395.350	       4	       4
        55	   834.487	   955.390	       1	       4
       866	   699.623	   110.795	       3	       4
       368	   918.259	   647.553	       1	       2
       381	    39.729	   527.622	       4	       4
       948	    70.333	   353.242	       4	       1
        67	   474.006	   198.199	       2	       5
       675	   349.167	   220.594	       1	       3
       810	   937.252	    43.822	       2	       2
       370	   489.565	   713.164	       1	       4
        43	   539.649	   653.840	       1	       5
       512	   895.260	   443.770	       3	       4
       656	   446.635	   718.939	       1	       3
       203	   877.034	   109.976	       2	       1
       317	   253.582	   938.719	       3	       3
       553	   273.810	   847.627	       4	       4
       401	   328.361	   659.036	       1	       1
       261	   547.564	   378.831	       2	       3
       151	   220.129	   416.567	       4	       1
       137	   671.429	   482.154	       2	       5
       397	   142.793	   935.284	       1	       2
       422	    94.100	   863.593	       3	       3
       665	   870.192	   477.924	       1	       5
       807	   236.869	   554.518	       1	       1
       588	   386.004	   875.404	       1	       5
       761	   571.542	   949.264	       1	       2
        71	   525.802	   639.185	       2	       3
       733	    76.024	   748.520	       3	       5
       106	   874.126	   351.625	       1	       4
       580	   951.136	   918.028	       2	       1
       988	   812.507	   836.752	       1	       1
       754	   283.802	   552.056	       3	       5
       516	   527.847	   867.627	       4	       1
       940	   339.417	   849.872	       2	       4
       808	   554.667	   808.411	       3	       3
       195	   974.403	   130.693	       1	       2
       106	   311.703	   536.003	       1	       4
       955	   668.797	   900.783	       4	       5
       518	   325.967	   770.832	       3	       2
       824	   774.477	   420.713	       3	       2
       349	   325.810	   977.880	       3	       4
       819	   889.827	   250.773	       1	       4
       286	   751.708	   333.610	       2	       5
       514	   762.632	   954.201	       3	       1
        50	   469.479	   808.715	       3	       2
       898	   210.765	   900.340	       3	       2
       520	    41.475	    11.590	       3	       1
       120	   321.829	   379.764	       4	       5
       444	    37.113	   235.522	       4	       1
       512	   693.855	   295.935	       1	       1
       142	   670.350	   737.995	       3	       3
       275	   430.472	   724.085	       4	       3
       134	   767.789	   461.799	       2	       3
       394	   536.008	   365.274	       2	       2
       228	    39.860	   584.692	       3	       3
       415	   134.793	   533.708	       1	       2
       517	   193.416	   550.580	       3	       5
        84	   335.664	   615.477	       1	       3
       159	    52.313	   395.648	       3	       3
       256	   605.117	   771.718	       2	       5
       427	   512.061	   251.203	       2	       4
       897	   617.461	   655.761	       2	       4
       176	   432.356	   960.397	       3	       1
       815	   847.700	     3.555	       2	       3
       565	   454.059	   723.361	       2	       1
       113	    15.404	   108.995	       1	       3
       555	   873.068	   543.787	       3	       2
       105	   656.202	   626.916	       1	       3
       435	   823.003	   242.947	       4	       5
       209	   951.776	   913.844	       2	       4
        79	    50.912	   622.313	       1	       5
       720	   235.072	   231.695	       2	       4
        33	    63.343	   770.132	       2	       1
       736	   421.658	   105.507	       4	       2
       116	   863.829	   555.225	       1	       4
        49	    81.624	    94.956	       2	       5
        41	   473.112	   580.984	       4	       1
       303	   125.543	   252.980	       2	       1
        48	   772.886	   649.467	       2	       4
       194	   841.422	   715.827	       3	       5
       865	    43.291	   524.186	       2	       2
       934	   486.441	   657.521	       1	       3
       430	   239.411	   813.294	       1	       5
       588	   952.474	   807.512	       4	       1
       788	   943.893	   619.682	       3	       5
       478	   613.934	   451.102	       2	       1
       906	   973.487	   407.950	       1	       1
        26	   344.861	   874.748	       4	       2
       808	   897.851	   702.932	       4	       1
       909	   434.595	   184.935	       1	       2
       518	   235.815	   565.732	       4	       5
       984	   940.828	   908.808	       2	       1
       886	   684.218	   150.690	       3	       2
       709	    64.912	   845.518	       4	       2
       575	   870.425	   820.202	       2	       1
       131	   701.380	   499.341	       2	       5
       762	   604.927	    37.584	       1	       1
       253	   732.375	   147.503	       2	       4
       896	   253.439	   922.639	       1	       5
       975	   600.489	    44.155	       2	       4
       827	   814.619	   372.499	       1	       5
       468	    54.114	   619.040	       2	       2
       885	   130.511	   196.948	       4	       1
       696	   842.446	   981.080	       2	       3
       165	   618.346	   155.975	       2	       2
       683	   531.288	   539.679	       4	       4
       850	   248.291	   618.011	       2	       5
       590	   295.079	   230.990	       1	       3
       561	   872.686	   466.309	       3	       2
       938	   421.666	   491.009	       2	       3
       875	    64.430	   766.862	       4	       5
       913	   896.985	   634.281	       1	       2
       555	   203.381	   467.550	       1	       5
       968	   826.228	   666.943	       3	       5
       792	   881.771	   453.377	       2	       3
        87	   486.751	   525.712	       4	       2
       949	   598.465	   658.568	       1	       5
        71	   527.267	   181.195	       3	       3
       863	   624.821	   788.050	       3	       4
       558	   855.042	   602.865	       3	       5
       790	   282.139	   980.333	       1	       5
       516	   883.756	   222.383	       2	       3
       447	   567.690	   466.266	       4	       4
       896	   115.103	   895.642	       4	       5
       292	   227.001	   601.433	       4	       5
       860	   595.982	   725.959	       2	       3
       772	   239.446	   413.670	       2	       2
       905	   131.416	   684.310	       2	       1
       493	   161.848	   946.055	       3	       1
       534	   844.873	   200.186	       1	       5
       755	   602.184	   807.365	       4	       1
       877	   963.567	   969.538	       1	       2
       291	   345.679	    14.569	       3	       4
       751	   595.625	   215.210	       1	       3
       395	   598.985	   117.377	       2	       5
       502	   615.704	   767.424	       1	       4
       691	    59.177	    81.217	       4	       2
       629	   750.317	   998.414	       3	       4
       577	   948.209	   389.612	       4	       2
       577	   534.679	   905.203	       1	       1
       458	   192.556	   188.578	       3	       2
       665	   752.926	   440.872	       3	       5
       486	     7.319	   844.812	       1	       1
       306	   328.256	   595.270	       2	       1
       326	   917.606	   462.158	       4	       3
       592	   588.367	   512.650	       1	       5
       443	   855.190	   573.886	       1	       4
       188	   604.672	   440.319	       1	       2
       682	   822.578	   193.559	       2	       5
       228	   879.484	   113.966	       3	       1
       286	   320.986	   151.228	       4	       3
       318	   122.955	    52.491	       2	       3
       560	   721.303	   558.676	       1	       3
       459	   440.347	   847.721	       1	       4
       730	   126.736	   359.119	       4	       5
       963	   589.824	    75.311	       1	       3
       830	    36.068	   425.724	       2	       4
        99	   200.182	   602.008	       3	       3
       797	   788.301	   425.403	       1	       1
       586	    12.097	   810.721	       1	       5
        52	   303.346	   941.886	       4	       2
       825	    21.376	   869.911	       3	       1
       927	   997.485	   703.999	       4	       4
       107	   582.030	   470.299	       3	       4
        11	   293.376	   682.698	       4	       4
        99	   928.949	    13.418	       4	       4
        48	   507.119	   982.478	       4	       4
       918	   454.692	   172.077	       3	       1
       890	   587.872	   906.260	       4	       5
        28	   264.138	   807.110	       3	       3
       983	   305.288	   800.140	       4	       5
       983	   371.655	   268.936	       4	       4
       482	   244.448	   219.154	       2	       1
       502	   584.547	   428.801	       4	       5
       484	   695.846	   849.371	       3	       3
       477	    71.947	   450.380	       1	       4
       305	   971.083	   935.420	       4	       1
       876	   753.071	   352.679	       3	       2
       137	   806.163	   619.392	       1	       1
       281	   751.640	   980.699	       1	       2
       303	    80.061	   643.463	       1	       2
       496	   481.696	    45.498	       4	       1
       174	   445.673	   463.557	       4	       4
       364	   672.473	   334.751	       1	       5
       137	   448.737	   532.182	       4	       1
       248	   704.313	   284.746	       2	       1
       779	   681.645	   122.261	       3	       5
        42	   697.149	   668.289	       3	       5
       680	   618.601	   681.360	       4	       1
        17	   150.981	   867.139	       4	       4
       122	   760.802	   132.381	       2	       4
        60	   781.046	   798.620	       4	       5
       700	   904.103	   826.769	       4	       2
       170	   233.769	   646.550	       2	       4
       821	   176.679	   204.922	       4	       3
       947	   391.099	   261.421	       1	       5
       719	   320.565	   418.497	       3	       1
        11	   815.477	   541.799	       3	       2
       619	   613.526	   477.438	       3	       3
       384	   760.002	   467.460	       1	       4
       189	   427.665	   839.841	       3	       1
       552	    99.441	   870.102	       3	       2
       604	   115.035	   816.754	       2	       5
       699	   373.407	   877.801	       1	       1
       347	   193.848	   571.009	       1	       2
       988	   820.746	   964.036	       1	       3
       745	   599.636	   606.544	       1	       4
       465	   688.845	   603.948	       3	       2
       775	   491.110	   319.298	       2	       5
       415	    88.174	   681.204	       4	       5
       540	   235.078	    51.966	       4	       4
       696	   461.602	   134.546	       2	       2
       182	   198.592	   130.242	       1	       4
       741	    25.476	   655.201	       3	       5
       147	   729.398	   175.333	       3	       2
       398	   724.917	   341.147	       2	       1
        87	   330.392	    44.312	       3	       4
       521	   843.494	   233.734	       2	       5
       841	   428.442	   964.224	       3	       5
       161	   864.686	   509.139	       2	       4
       105	   657.065	   151.075	       3	       5
       765	   581.036	   523.009	       1	       2
       197	   200.727	   943.509	       1	       2
       751	   529.547	   865.686	       3	       1
       647	   894.432	   392.066	       3	       1
        74	   304.994	   283.868	       1	       5
       988	   870.946	   761.730	       2	       2
       425	   908.745	   240.484	       3	       2
       651	   329.845	   254.232	       1	       2
        94	   683.074	    84.086	       3	       4
       984	   899.221	   864.144	       4	       5
       243	    75.697	   447.899	       1	       2
        78	   878.588	   561.786	       4	       1
        64	   190.839	   736.711	       2	       5
        35	   849.769	   796.489	       1	       4
       477	   667.119	   447.508	       1	       4
       421	   344.339	   184.128	       4	       5
       772	   151.376	   828.733	       4	       1
       578	   635.371	    30.998	       3	       5
       614	   847.788	   946.728	       4	       1
       786	   821.849	   576.978	       1	       5
       961	   628.240	   875.389	       4	       3
       887	   956.302	   608.565	       3	       2
       342	   589.923	   251.660	       4	       1
       184	   197.833	   296.130	       2	       3
       955	   429.331	   532.923	       3	       2
        21	   336.746	   962.078	       1	       4
       146	   991.945	   184.496	       4	       5
       455	   380.236	   509.898	       1	       1
       852	   992.701	   343.788	       1	       2
       161	   518.804	   769.725	       1	       5
       354	   172.280	   802.866	       3	       3
       227	    74.574	   424.560	       3	       4
       476	   370.306	   204.122	       4	       4
       220	   123.419	    67.089	       4	       4
        15	   634.519	   198.648	       1	       2
       889	   413.920	   272.401	       3	       1
       692	   990.916	   598.789	       2	       1
       824	   929.956	   873.083	       4	       5
       543	   149.236	   128.231	       2	       2
       957	   394.882	   958.189	       2	       2
       127	   461.580	   683.171	       1	       3
       595	   560.949	   741.964	       2	       1
       948	   780.364	   982.881	       3	       5
       919	   487.194	   416.101	       2	       3
       668	   419.994	   531.583	       3	       5
       161	   262.000	   679.213	       3	       2
       567	   910.806	   512.875	       2	       5
       489	    22.272	   299.112	       1	       2
       391	   821.122	   105.385	       2	       1
       574	   188.468	   284.932	       3	       2
       939	   685.757	   768.853	       4	       2
       704	   355.209	   640.783	       3	       5
       920	   974.213	   801.331	       1	       1
       963	   122.772	   517.121	       1	       1
       377	   187.570	   232.100	       1	       1
       455	   889.442	   627.962	       4	       5
       690	   583.406	   304.005	       3	       5
       763	   309.246	    29.529	       1	       4
       338	     0.764	   903.331	       4	       2
       971	   227.598	   420.370	       4	       2
       288	   145.404	   426.131	       4	       3
        12	   203.434	   741.252	       2	       4
       224	   896.323	   948.458	       4	       3
       267	   873.094	    72.516	       1	       2
        82	   700.289	   172.701	       3	       4
       317	   470.498	   322.357	       3	       2
       465	   827.136	   248.424	       4	       4
       890	   495.826	   495.495	       1	       1
       737	   363.489	   824.460	       2	       5
        87	   275.603	   853.972	       2	       2
       840	   924.741	   595.830	       3	       3
       570	   386.989	   240.174	       2	       3
       266	   492.881	   186.493	       4	       3
       564	   254.438	   743.391	       3	       5
       305	   884.967	   237.214	       1	       3
       525	   383.263	   539.491	       2	       3
       451	   297.575	   749.281	       2	       3
       821	   717.595	   228.249	       1	       4
       575	   190.870	   174.501	       2	       5
       949	   118.193	    39.736	       4	       5
       980	   836.998	   147.569	       4	       2
       876	   744.136	   851.439	       2	       2
       875	   590.521	   104.636	       3	       3
       853	   242.892	   223.645	       4	       5
       709	   623.247	    32.757	       3	       4
       332	   638.355	   676.357	       1	       2
       852	   327.569	   231.703	       3	       1
       613	    67.489	   413.592	       1	       4
       271	   880.539	   139.301	       3	       3
        36	   459.957	   377.217	       4	       3
       973	   763.873	   424.437	       1	       2
        41	   253.889	   472.965	       3	       2
       533	   591.387	   422.842	       3	       5
       397	   428.795	   102.757	       1	       3
       704	   382.101	   772.580	       4	       4
       139	   126.713	   137.206	       3	       5
        23	   244.267	   424.292	       1	       5
        69	    79.342	   271.956	       4	       3
       902	   302.858	   301.008	       3	       2
       450	   741.705	   672.421	       4	       1
       731	   615.016	   517.787	       4	       4
       146	   672.411	   190.087	       1	       3
        48	     8.383	   469.134	       2	       1
       398	   678.377	   339.541	       3	       4
       336	   503.181	   704.497	       2	       2
       854	   230.908	   226.095	       1	       3
       851	   174.897	   844.988	       4	       3
        15	   184.983	   526.230	       3	       4
       473	   844.260	   500.620	       3	       1
        94	   982.590	   253.686	       3	       2
       197	   913.740	   186.156	       1	       1
        41	   347.369	   471.819	       2	       1
       484	   780.225	   981.824	       3	       4
        17	   546.455	   132.906	       4	       3
       245	   816.442	   283.462	       2	       1
       332	   483.727	   800.641	       2	       2
       170	   589.951	   664.777	       2	       1
       952	   787.263	   278.758	       2	       5
       469	   100.235	   314.648	       1	       1
       860	   537.007	   419.948	       2	       2
       310	   365.983	   602.787	       3	       5
       842	   604.307	   719.339	       2	       5
       559	   958.803	   857.300	       1	       3
       185	   392.823	   681.111	       1	       5
       467	   392.973	   236.982	       3	       5
       484	   790.637	   925.721	       3	       5
       350	   645.078	   781.195	       4	       5
       793	   393.884	   307.381	       2	       5
       459	   688.955	   304.966	       1	       2
        62	   404.002	   881.168	       1	       4
       719	   136.113	   126.078	       1	       1
       972	   450.643	   633.461	       3	       3
       355	   334.419	   277.713	       4	       5
        38	   217.969	   827.200	       3	       1
       797	   925.775	   364.523	       1	       2
       795	   689.639	   733.366	       2	       2
       783	   598.821	   192.418	       4	       3
       247	   746.657	   481.446	       2	       1
       217	   541.971	   803.595	       2	       4
       404	   700.533	   396.988	       3	       4
       264	   930.560	   161.574	       2	       3
       423	   862.617	   648.982	       2	       3
       155	   167.442	   753.326	       1	       3
       219	   263.139	   280.193	       2	       4
       440	    71.610	   451.362	       3	       4
        17	   978.673	   900.449	       1	       1
        27	   236.384	   871.986	       4	       3
       764	   660.598	   707.188	       1	       4
        96	    89.631	   590.901	       1	       3
       327	   210.771	   817.382	       3	       1
       330	   502.824	   907.645	       4	       5
       529	   104.954	     2.508	       2	       5
       807	   388.873	   397.228	       2	       2
       705	   537.988	   561.410	       2	       4
       806	   339.204	   733.923	       1	       4
       894	   555.900	    87.473	       1	       2
       493	   536.768	   399.755	       1	       2
        53	   390.610	   279.621	       3	       2
       492	   696.270	   423.510	       2	       4
        65	   678.482	   497.979	       3	       3
       242	   687.303	   660.015	       4	       4
       271	   561.491	   496.236	       4	       3
       316	   358.080	   620.468	       3	       4
       870	   613.112	   582.440	       1	       5
       201	   935.736	   428.332	       2	       1
       702	   596.889	     4.976	       4	       1
       115	   979.590	   194.516	       1	       2
       940	   441.007	   320.207	       4	       2
       236	   739.612	   146.978	       2	       4
       989	    37.604	   598.664	       3	       5
       855	   764.727	   611.499	       3	       2
       175	   518.282	   500.093	       1	       2
       483	     5.317	   320.849	       3	       1
       960	   277.200	   653.258	       4	       1
       270	   534.832	   190.283	       3	       2
       821	   767.963	     5.881	       3	       5
       149	    53.093	   734.942	       3	       2
       551	   549.053	   443.504	       1	       4
       854	   800.995	   697.842	       2	       4
       483	   649.583	   185.043	       3	       4
       426	   931.447	    62.620	       4	       5
       700	    74.731	   378.109	       1	       1
       242	   276.806	   695.997	       1	       5
       701	   919.238	   102.818	       2	       1
       692	   765.005	   195.834	       2	       2
       417	   599.740	   453.953	       2	       1
       893	   832.968	   621.149	       1	       5
       135	   896.043	   750.124	       3	       4
       611	   972.720	   109.735	       4	       4
        53	   998.521	   624.624	       3	       2
       264	   139.649	   387.361	       3	       4
       380	    70.542	   670.090	       1	       3
       893	    73.467	   203.560	       3	       3
       626	    14.744	   527.919	       1	       2
       866	   971.820	   172.163	       4	       4
       105	    94.767	    18.681	       4	       5
       294	   841.737	   486.950	       4	       3
        74	   685.173	   184.178	       4	       4
       124	   487.557	   638.343	       4	       4
       224	   346.695	   536.575	       1	       4
       776	   353.648	   774.945	       3	       5
       836	   253.839	   392.960	       4	       3
       866	   911.018	   989.452	       2	       2
       649	   725.643	   515.215	       3	       1
       317	    25.926	   478.823	       3	       1
       928	   461.521	   749.442	       1	       5
        20	   281.301	   572.688	       3	       3
       885	    28.966	   362.465	       2	       1
       553	   884.682	   489.245	       3	       1
       510	   771.005	   189.138	       1	       2
        19	   329.735	   393.583	       3	       1
       113	   796.559	    29.962	       4	       4
       144	   324.638	   462.529	       1	       1
       680	   307.882	   274.474	       2	       3
       845	   928.109	   526.716	       1	       2
       668	   976.916	    29.272	       3	       5
       662	   523.555	   555.087	       3	       5
       339	   951.935	   292.998	       3	       1
        84	   887.996	   577.491	       2	       1
       357	   518.033	   732.770	       3	       3
       971	   372.749	   440.338	       3	       3
       223	   710.355	   663.157	       4	       1
       575	   455.643	   238.910	       2	       3
       180	   605.213	   998.599	       1	       1
       656	   990.406	   242.879	       4	       3
       403	   773.916	   940.828	       2	       3
       174	   334.276	   217.220	       4	       5
       481	    88.998	   497.564	       2	       1
       197	   184.906	   821.177	       4	       4
       786	   526.852	   716.588	       3	       3
       447	   417.102	   705.580	       3	       2
       993	   800.660	   440.441	       1	       5
       540	   933.202	   754.175	       3	       4
       116	   177.865	   919.954	       1	       2
        31	   860.067	   441.352	       1	       3
        77	   957.395	   527.965	       1	       4
       519	   959.471	    66.036	       3	       1
        24	    37.863	   390.773	       4	       4
        30	    57.584	   467.239	       3	       1
       390	     5.797	   895.138	       1	       1
       991	   312.681	   110.557	       1	       5
       275	    55.698	   731.138	       4	       3
       564	   293.862	   545.471	       1	       5
       972	   356.016	   606.535	       2	       2
       798	   953.677	    29.783	       3	       3
       373	   476.951	   146.747	       2	       3
       922	   278.238	   283.983	       3	       5
       836	   503.005	     4.872	       1	       3
        87	   643.358	   669.158	       2	       5
        52	   111.246	   870.258	       4	       4
       301	   758.062	   546.968	       2	       2
       853	   851.946	   543.164	       2	       3
       166	   844.250	   615.726	       2	       3
       756	   890.507	   302.182	       2	       2
        95	   381.842	   366.732	       3	       5
        44	   443.805	   574.940	       3	       2
       950	   101.581	   809.217	       1	       1
       244	   225.807	   201.597	       2	       3
       230	   971.320	   327.524	       1	       3
       732	   284.624	   742.921	       3	       3
       402	   907.396	   340.920	       4	       1
       808	   890.552	    47.611	       3	       4
       586	   922.504	   156.357	       2	       5
       727	   156.150	   193.865	       2	       5
       284	   879.722	   495.112	       3	       4
       176	   631.995	   635.125	       1	       5
       254	   210.628	   880.220	       1	       3
       917	   345.116	   902.537	       2	       2
       962	   159.919	   307.161	       4	       5
       190	   444.348	   753.380	       1	       2
       733	    83.775	   282.428	       2	       3
       854	   165.318	   368.577	       2	       3
       974	   197.196	   292.727	       1	       4
       503	   691.027	   413.691	       1	       5
        35	   573.803	   214.716	       1	       1
       754	   873.323	   318.986	       3	       2
       365	   244.634	   121.920	       4	       1
       591	   629.608	   963.018	       3	       5
       553	    34.431	   503.983	       1	       1
        69	   516.198	   923.101	       4	       1
       328	   863.226	   746.160	       3	       5
        39	   984.127	   457.705	       1	       3
       332	     9.873	   754.622	       3	       2
       645	   252.841	   628.023	       1	       3
        42	   223.850	   303.758	       1	       1
       849	    47.538	   521.659	       1	       1
       259	    10.172	   712.312	       2	       4
       966	   490.195	   305.314	       4	       5
       359	    45.482	    12.523	       1	       2
       210	   278.328	   268.263	       3	       5
       933	   639.975	   796.745	       3	       3
       875	   294.692	   929.993	       1	       2
       999	   269.655	   625.331	       3	       1
        78	   590.547	   132.807	       3	       4
       560	   380.534	   757.570	       4	       1
       326	   702.523	   526.905	       2	       2
       107	   496.124	   753.869	       1	       1
       512	   633.209	   858.612	       4	       5
       787	   353.394	   947.542	       1	       5
       845	   287.044	   654.538	       1	       4
       344	   133.207	   854.258	       4	       3
       841	   937.080	   742.588	       1	       4
       798	   804.836	   727.101	       4	       1
       429	   938.029	   858.791	       4	       4
       449	   185.381	   923.003	       4	       5
       765	   933.156	   902.076	       1	       4
       166	   935.753	   395.750	       1	       4
       695	   283.545	    84.021	       3	       5
       102	   274.634	   829.574	       4	       5
       450	   551.432	   538.932	       2	       3
       900	   185.289	   542.076	       4	       1
       829	   442.101	   825.175	       2	       3
       526	   185.318	    31.984	       2	       2
       729	   947.376	   877.960	       1	       3
       981	   493.825	    34.634	       4	       3
        41	   963.918	   693.195	       1	       3
       750	   644.942	   587.484	       4	       3
        86	   484.316	   641.749	       3	       4
       446	   967.695	   374.080	       3	       1
       260	   143.190	   275.462	       3	       3
       816	   632.330	   509.409	       3	       2
       605	   661.888	   885.823	       3	       5
       730	   433.840	   565.290	       3	       3
       889	    59.357	   663.149	       3	       1
       494	   492.723	   441.379	       3	       2
        84	   465.134	   972.139	       1	       3
       592	   806.747	   742.522	       3	       5
       932	   256.661	   354.903	       2	       3
       750	   391.430	   653.531	       3	       2
       195	   240.172	   542.616	       2	       5
       808	   686.443	   884.056	       3	       5
       109	   989.883	   275.054	       3	       4
       458	   177.430	   108.067	       4	       3
       816	   821.447	   191.272	       2	       2
       924	   230.989	   387.046	       1	       1
        51	    57.976	   854.060	       1	       2
       508	   138.817	   270.845	       2	       5
       873	   935.153	   626.359	       2	       5
       835	   888.542	   623.552	       4	       4
       698	   289.260	   408.047	       3	       5
       692	   947.764	    50.335	       2	       2
       379	   849.931	   744.834	       2	       3
       252	   434.655	   295.726	       3	       2
       958	   468.050	   398.458	       2	       4
       672	   629.853	   377.240	       4	       1
       586	   158.032	   663.603	       4	       1
       976	    14.782	    86.333	       2	       5
       199	   265.512	   549.890	       3	       3
       198	    15.444	    15.422	       4	       1
       375	   674.499	   983.039	       3	       5
       106	   551.469	   598.427	       2	       1
       165	   321.648	   384.114	       4	       4
       266	   780.202	   146.748	       4	       1
       676	   145.785	   696.878	       4	       2
       828	   244.881	   905.808	       3	       5
       286	   292.314	   318.109	       2	       2
       772	   195.932	   766.492	       4	       4
        36	    87.939	   287.498	       4	       4
       971	   869.976	   957.225	       1	       3
       367	    88.189	   702.316	       1	       5
       983	   683.710	   625.016	       2	       2
       498	   120.401	   930.735	       1	       5
       796	    10.699	   269.042	       2	       3
       966	   557.268	   923.616	       2	       5
       263	   907.109	   678.083	       3	       3
       476	   860.457	   771.363	       3	       4
       752	   338.451	   571.635	       4	       4
       325	    27.159	   833.905	       3	       1
       639	   800.859	   698.282	       1	       2
       379	   805.985	   146.609	       1	       3
       584	   868.488	   612.461	       3	       5
       508	   669.647	   279.320	       1	       4
       688	   807.779	   915.879	       3	       4
       673	   897.498	   198.232	       4	       2
       590	   453.830	   285.716	       4	       1
       719	   557.825	    47.655	       2	       5
       199	   506.131	   447.579	       3	       5
       353	   691.984	   557.588	       1	       3
       460	   682.907	   573.561	       2	       1
       797	   520.314	   905.377	       1	       3
       769	   828.468	   347.414	       4	       2
       686	   505.779	   447.528	       1	       3
       795	   824.859	   851.238	       3	       4
       159	   281.845	   576.829	       2	       3
       215	   178.495	   653.993	       4	       4
       372	   969.871	   278.359	       4	       4
       898	   741.940	   487.471	       3	       4
       765	   259.792	   620.952	       4	       3
       676	   581.235	   133.394	       1	       2
       763	   955.262	    32.909	       3	       5
       426	    80.754	   113.411	       1	       1
       530	    83.534	   477.461	       2	       2
       914	   619.135	    24.027	       4	       3
       926	   224.493	   626.209	       4	       1
        78	   765.184	    97.583	       4	       1
       604	   568.153	   250.962	       1	       1
       320	   666.188	   426.493	       4	       1
       735	   107.814	   115.827	       1	       3
       393	    84.283	   270.552	       4	       3
       743	   625.121	    21.080	       1	       2
       513	   409.731	   985.046	       1	       5
       724	    87.253	   611.574	       3	       1
        99	   371.064	   378.354	       3	       3
       801	   672.144	    26.528	       4	       1
       872	   189.587	   389.839	       1	       1
       996	   895.729	   452.559	       3	       1
       791	   949.846	   931.003	       3	       4
       405	   961.573	   278.504	       2	       2
       948	   730.083	   614.782	       4	       4
       404	   406.288	   665.168	       4	       3
       226	   743.749	   185.961	       2	       3
        34	   287.987	   505.763	       3	       5
       825	   314.417	   786.501	       1	       1
       259	   605.896	    96.579	       1	       1
       462	   594.847	   606.035	       2	       5
       949	   878.661	    26.060	       3	       3
       741	   254.601	     7.047	       3	       2
       643	   766.188	    59.529	       3	       2
       151	   941.013	   481.400	       2	       4
        16	     1.033	   925.704	       2	       4
        12	   476.089	   405.557	       3	       2
       333	   657.040	    75.033	       1	       3
       359	   843.323	   861.352	       3	       1
       244	   183.739	   519.298	       4	       1
       398	   856.159	   318.936	       2	       4
       166	   364.365	   963.032	       3	       4
        45	   892.274	   938.262	       4	       2
       988	    27.712	   260.019	       2	       2
       368	    85.390	   201.392	       2	       1
       215	   981.410	   588.909	       2	       1
       184	   609.502	   842.518	       4	       2
        88	   417.632	   336.721	       4	       3
       627	   169.214	   586.429	       3	       5
       400	   649.901	   162.245	       4	       3
   194.594	   307.792
   761.335	   151.514
   150.098	   971.283
   265.907	   164.972
   689.495	   727.235
    15.089	   890.724
    32.194	   858.715
   287.526	   184.257
   336.623	   236.809
   362.216	    18.363
   807.191	   931.405
    35.981	   887.121
   358.395	   595.466
   638.278	   109.368
   143.004	   173.543
   857.739	   576.960
   645.564	   251.657
   115.293	   300.172
   208.097	   170.987
   745.498	   189.592
   403.407	   463.421
   484.470	   509.874
   887.455	   511.580
   137.444	   997.139
   964.373	   129.596
    42.630	   756.170
    99.440	   793.757
   223.238	   584.883
   806.585	   462.738
   455.873	   893.427
   653.251	   828.180
   174.321	    50.291
   166.722	   962.984
   520.848	     7.340
   740.294	   573.132
   462.474	   572.431
   869.614	   834.380
   660.412	   384.716
   249.090	    91.041
   234.902	   581.687
   374.047	    24.846
   756.616	   361.796
   937.938	   985.317
   861.906	   868.779
   261.611	   152.497
   412.279	   798.826
   611.544	   810.997
   546.834	   928.207
   389.275	   224.384
   101.421	   498.967
   712.245	   827.444
    88.135	   667.334
   866.077	   593.936
   863.448	   651.976
   708.451	   238.516
   486.425	    25.540
   699.147	   736.257
   394.987	   326.792
   797.496	   376.757
   786.417	   612.616
   155.529	   657.165
   317.818	   202.899
   343.983	   826.032
   364.170	   380.207
   566.646	   631.744
    41.687	   966.411
   659.970	   564.786
   201.632	   358.911
   416.463	   618.970
   450.893	   501.793
   348.727	   452.376
   383.280	   732.271
   180.306	   924.510
    68.130	   479.271
   551.257	    88.230
   595.867	   569.654
   145.500	   244.951
   230.942	    39.578
   286.377	   788.140
   830.751	   272.768
   153.421	   777.070
   552.139	   488.209
   568.140	   317.936
   343.420	   314.025
   350.617	    42.025
   959.112	   534.400
   553.344	   823.552
   652.731	    83.895
   490.740	   108.559
   646.650	   529.256
   605.251	   660.142
   145.173	   694.746
   334.681	   313.222
   460.434	    37.778
   127.822	   414.563
   363.073	   226.044
   228.142	     1.115
   847.503	   685.717
   341.474	   952.063
   226.789	   391.152
   408.181	   300.298
   683.064	   553.752
    65.622	   851.976
   180.729	   794.967
   694.307	   684.757
   752.257	   432.107
   617.754	   690.434
   879.199	   216.025
   168.800	   283.943
   703.548	   777.821
   917.260	   929.980
   150.740	   190.050
   243.764	   296.063
   546.685	     6.210
   344.119	   431.562
   690.639	   210.295
    57.568	   641.425
   160.764	   709.589
   716.238	   118.778
   970.619	    82.144
   929.550	   906.335
   901.067	   389.239
   127.743	   533.403
   145.929	   963.242
    72.265	   759.054
   542.540	   325.540
   882.486	    85.849
   531.792	   536.024
   781.715	   336.125
   188.454	    21.685
   863.111	   771.152
   187.425	   384.909
    54.764	   571.321
   421.491	   755.743
   555.104	   940.847
   970.742	   612.322
    91.754	   315.396
   273.918	   110.077
   105.107	    73.919
   390.440	   319.691
   289.011	   660.839
   513.300	   695.152
   348.257	   207.718
   928.228	    82.796
   789.948	   305.511
   861.011	   547.575
   129.501	   754.670
   575.070	   529.657
   214.783	   286.984
   868.239	   624.180
    15.019	   264.837
   105.744	   652.693
   376.057	   841.898
   402.094	   638.948
   277.220	   565.631
    96.063	   307.142
   118.730	   876.777
   317.945	   988.822
   950.793	   777.479
   207.407	   573.644
   747.280	   141.279
   258.189	   314.929
    37.240	   366.859
    16.052	   291.895
   152.706	   445.953
   462.084	   610.633
   755.901	   212.915
   728.815	   249.760
   352.389	   112.150
   479.139	   307.589
   814.074	   497.448
   838.403	   489.808
   319.917	   995.577
     4.265	   981.109
    46.931	   436.563
   737.807	   972.021
   272.632	   214.398
   481.486	   541.121
   192.031	   453.435
   847.113	   967.609
   503.378	   836.176
   527.160	   214.147
   288.080	   439.539
   511.999	   168.477
     1.964	   529.087
   277.295	   793.485
   348.763	    35.879
   283.951	   191.359
    85.952	   977.456
   521.781	   960.797
   788.479	   556.592
   942.598	   646.091
   497.290	   272.093
   593.754	   952.091
   290.860	   669.775
   149.160	   666.808
   131.872	    11.103
   732.361	   852.970
   734.469	   778.326
   179.350	   684.924
   413.560	   740.782
   594.144	   156.572
   125.282	   718.775
   785.369	    96.818
   619.992	   706.949
   615.222	     2.632
   701.208	   776.206
   987.183	   491.557
   562.394	   204.387
   864.416	   729.247
   418.709	   315.654
   654.469	   883.818
   925.261	   180.234
   664.151	   938.551
   303.081	   970.750
   619.946	   304.485
   351.318	   862.486
   322.367	   842.179
   610.205	   424.613
   160.323	   363.684
   486.739	   282.437
   945.634	   993.237
   383.914	   255.751
   188.963	   920.676
   468.839	   428.335
   840.908	   935.427
   842.668	   838.845
   827.803	   155.777
    11.476	   574.283
   267.040	   673.503
   999.876	   405.820
   119.683	     4.877
   490.089	   325.331
   790.026	   838.945
   122.214	    62.824
   662.409	   105.420
   488.080	   701.787
   194.290	   514.158
   878.630	   498.167
   181.487	   373.610
   639.053	   603.514
   740.827	   851.469
   562.673	   276.923
   628.842	   844.761
   118.965	   416.619
   308.037	   500.984
   586.962	   729.623
   395.464	   258.722
   663.946	   921.637
   851.955	   702.069
   190.222	   618.930
   903.273	   273.009
   383.176	   695.848
   943.124	   257.215
   617.382	   816.453
   790.096	    11.472
   514.775	   166.538
   531.145	   557.829
   327.594	   712.281
   129.365	   492.481
   383.822	   877.810
   214.976	   975.870
    32.865	   464.277
   274.887	   767.987
   180.576	   494.772
   875.530	   665.099
    81.237	   224.875
   183.896	   109.542
   704.031	   979.009
   919.226	   814.995
   251.458	   285.384
    21.301	   585.828
   960.504	   380.071
   682.221	   176.338
   310.663	   418.835
   472.373	   297.188
   599.256	    16.624
   373.869	   387.368
   874.488	   920.913
   726.173	   828.200
   954.341	   574.075
   351.066	   318.647
   937.174	   231.264
   479.101	   956.020
   642.323	   564.610
   736.647	   217.605
   809.338	   249.482
   396.259	   959.596
   447.946	   238.814
   817.277	   106.714
   717.557	   183.962
   940.849	   766.225
   979.598	   708.764
   178.913	   437.942
   227.919	   793.805
   715.986	   517.513
   747.383	   413.598
   603.180	   117.442
   877.300	   883.911
   251.990	   275.593
   339.487	   616.261
   494.647	   984.580
   315.027	   189.418
   545.439	   965.188
   682.478	   652.715
   220.367	   128.732
   485.337	   771.927
   992.981	   951.776
   324.161	   562.781
    35.362	   688.555
   817.352	    26.348
   503.307	   989.076
    52.784	   318.457
   890.305	    23.904
   404.514	   808.564
   929.273	   973.253
   402.078	   737.589
    76.832	     2.736
   245.301	    63.361
   350.261	   584.269
   750.728	   335.715
   184.748	   881.833
   430.974	   873.669
   873.245	   987.519
   533.761	   715.832
   103.155	   876.884
    24.522	   319.650
   705.810	   111.177
   979.127	   865.364
   785.165	   303.473
   764.726	   419.332
   675.448	   646.030
   795.503	   605.099
    40.018	   420.923
   264.682	   386.151
   695.398	   122.681
   866.988	   533.862
   674.607	   232.854
   176.276	   754.808
   936.308	   674.871
   903.379	    71.927
    86.679	   989.265
   193.000	   780.457
   275.193	   227.826
   738.412	    30.743
   859.373	   478.372
   578.322	   352.742
   199.646	   546.511
   415.090	   659.664
   137.859	   797.220
   917.396	    13.544
   764.531	   714.296
   510.214	   295.314
   453.575	   986.403
    97.842	   846.242
   318.675	   560.401
   120.633	   597.766
   782.338	   192.076
   544.884	   226.252
   227.277	   154.013
   224.203	   377.814
   260.398	   111.955
   308.873	   511.273
   387.705	   638.478
   297.549	   122.212
   679.556	   344.196
    35.074	    70.348
   328.110	   525.761
   745.292	   650.290
   942.808	   615.472
   802.733	   813.870
   240.826	   235.566
   232.915	   618.182
   190.337	   302.829
   882.498	    88.768
   237.856	   305.261
   758.181	    71.356
   261.050	   958.574
    33.082	   727.165
   733.448	   101.461
   726.202	   786.269
    88.959	   352.155
   326.701	   911.435
   948.365	   495.497
   162.949	   872.693
    86.672	   220.530
   594.604	   367.192
   930.990	   366.837
   133.778	    97.133
   513.012	   331.014
   683.999	   659.710
   171.830	   466.543
    11.260	   879.232
   887.683	   269.670
    35.231	   354.819
   257.458	   320.354
   651.684	   551.738
   285.783	   188.219
     9.708	   173.244
   575.452	   939.482
    73.366	   349.241
   698.827	   628.265
   914.929	   192.808
   770.180	   780.519
   670.264	   167.712
   571.087	   452.809
   302.325	     1.350
   567.024	   615.938
   195.739	    12.462
   311.992	   114.799
   546.049	   623.215
   270.869	   845.182
   493.590	   900.341
   372.160	   868.694
   866.771	   730.551
   430.146	   415.984
   802.561	   661.425
   347.513	   778.149
   196.832	   438.058
    11.342	   996.701
   654.815	   427.513
   827.098	   395.796
   437.165	   114.037
    61.142	   968.772
   272.211	   627.586
   686.766	    88.866
   551.654	   139.791
   540.769	   775.324
   665.178	   682.824
   905.973	   802.939
   779.843	   636.117
   118.935	   404.198
   604.703	   789.036
   207.253	   254.472
   286.582	   918.916
   991.071	   796.831
    44.408	   405.889
   723.202	   839.624
    72.919	   835.082
   982.608	   798.427
