800	300	30	2000	
       209	   174.736	    36.975	       2	       1
       698	   341.953	   311.614	       4	       1
       422	   144.598	   323.479	       1	       1
       733	   716.771	   607.442	       1	       1
       805	   699.308	   650.831	       4	       5
       821	   688.497	   846.055	       2	       2
       157	   253.396	   927.581	       4	       3
       601	   692.360	   660.458	       2	       3
       848	   227.298	   578.174	       4	       5
       354	   424.649	   398.716	       1	       4
       224	   371.922	   966.612	       1	       5
       533	   355.308	   154.079	       2	       2
       239	    57.655	   895.087	       1	       5
       459	   631.647	   311.013	       4	       1
       615	   707.317	   548.489	       2	       3
       281	   613.589	   682.066	       1	       5
       701	   648.313	   236.470	       3	       1
       864	   169.941	   167.737	       2	       4
       567	   149.447	   508.482	       3	       3
       381	   514.175	   791.864	       1	       1
       457	   875.333	   692.414	       3	       5
       948	   183.953	   118.973	       2	       1
       672	   462.839	   900.742	       3	       3
       119	   428.932	   479.738	       1	       1
       625	   497.289	   946.677	       4	       1
       476	   161.511	   553.434	       1	       3
       178	   342.441	    84.802	       3	       5
       694	   261.880	   202.463	       1	       1
       922	   844.527	   854.238	       2	       2
       283	   800.332	   705.927	       3	       5
       885	   426.639	   894.940	       3	       3
       610	   607.015	   329.146	       1	       1
       240	   145.466	   528.001	       4	       3
       906	   509.613	   650.398	       4	       4
       250	   296.947	   594.291	       2	       3
       363	   859.651	   231.463	       2	       1
        92	   671.598	   426.821	       4	       1
       897	   633.474	   248.111	       3	       2
       977	   124.751	   845.615	       1	       2
       510	   470.588	   986.677	       3	       2
        24	   986.573	    66.571	       2	       3
       686	   948.299	   713.928	       2	       5
        36	   645.086	   330.116	       2	       3
       938	   151.725	   625.435	       4	       4
       907	   639.127	   258.130	       4	       4
       954	   565.662	   651.008	       2	       5
       354	   468.666	   371.147	       3	       3
       511	   428.037	   294.821	       2	       3
        32	   599.270	   911.763	       2	       3
       812	   849.970	   942.499	       1	       5
       872	   751.121	   613.550	       1	       4
       543	   579.361	   214.468	       2	       2
       206	   924.704	   939.419	       1	       4
       973	    64.740	   750.454	       1	       3
       698	   991.347	   751.090	       2	       3
       128	    52.995	   211.721	       4	       2
       156	   199.496	   830.157	       4	       1
       363	   422.753	   240.095	       3	       3
       661	   107.509	   631.621	       2	       2
       661	   623.670	   710.740	       1	       2
       387	    47.993	   742.383	       3	       2
       446	   284.624	   390.265	       4	       4
       854	    61.037	   759.825	       4	       1
       590	   703.519	   902.936	       3	       3
       183	   668.456	   587.420	       2	       5
       202	   378.581	    90.410	       2	       4
        99	   188.194	   128.976	       2	       4
       562	   747.005	   105.263	       4	       3
       785	   340.379	   172.727	       1	       1
       785	   795.301	   126.431	       1	       5
       256	   487.901	   778.301	       2	       2
       299	   525.669	    39.412	       4	       3
       580	    28.491	   241.558	       1	       3
       273	   644.232	   879.066	       3	       1
       172	   350.657	   973.519	       1	       3
       142	   229.205	   605.422	       1	       4
       399	   433.883	   976.238	       2	       3
       967	   382.467	    43.452	       4	       3
       128	   469.789	   948.573	       2	       4
       881	   979.483	   311.296	       3	       3
       188	   364.378	   798.973	       4	       2
       598	   774.410	   810.629	       1	       1
       439	   552.768	   859.999	       1	       1
       264	   889.131	   458.551	       2	       3
       362	   354.953	   930.644	       4	       1
       927	   245.519	   257.893	       3	       4
       124	   911.019	   934.445	       4	       3
       391	    43.534	   619.120	       4	       5
       102	   950.753	   985.445	       3	       3
       337	   556.407	    32.644	       2	       2
       742	   376.363	   725.167	       1	       5
       761	   995.052	   565.554	       3	       2
       675	    58.363	   492.424	       2	       1
       499	   516.706	   259.218	       4	       5
       257	    31.097	   326.831	       4	       5
       875	   571.176	   249.462	       3	       3
        11	   180.469	   219.268	       4	       4
       279	   630.959	   799.661	       2	       2
       126	   980.924	   502.395	       1	       1
        48	   874.903	    83.190	       4	       5
       223	   451.836	   776.984	       2	       3
       421	   708.461	   533.649	       2	       2
       688	   777.469	   739.388	       4	       1
       990	   494.843	   515.394	       3	       3
       171	   528.533	   399.946	       1	       2
       779	   150.784	   986.247	       1	       3
       425	   369.400	    28.243	       3	       1
       255	   142.221	   932.764	       3	       4
       123	   726.894	   930.855	       4	       1
       636	   477.013	   390.919	       4	       3
       304	   448.879	   214.465	       4	       2
        38	   885.998	   619.213	       4	       5
       725	   527.619	   177.972	       2	       4
       636	   409.091	   803.208	       4	       4
       877	   268.892	   253.934	       4	       1
        41	    72.012	   290.806	       1	       2
       189	   418.136	   915.916	       3	       4
        76	    25.753	   902.917	       3	       1
       845	   291.154	   535.381	       3	       4
       938	   503.510	   862.839	       1	       2
       852	   965.933	   352.533	       1	       2
       938	   109.383	   997.884	       4	       2
       783	   673.041	   433.690	       4	       4
        10	   499.932	   294.812	       2	       5
       943	   777.098	    41.574	       2	       2
       376	   143.607	   989.707	       2	       1
       850	    83.203	   464.888	       4	       5
       437	   399.219	   734.585	       1	       3
       374	   796.962	   640.808	       1	       5
       802	   191.676	   723.093	       2	       3
       154	   767.777	    51.111	       2	       2
       391	   290.298	   920.045	       3	       2
       874	   216.891	   926.841	       1	       4
       234	    16.716	   551.995	       2	       1
       307	   398.659	   963.916	       3	       5
       162	   381.081	   280.956	       3	       2
       287	   659.345	   602.147	       1	       3
       933	    70.918	   396.463	       4	       2
        56	   152.604	   628.023	       2	       5
       301	    16.576	   300.632	       4	       4
       328	   113.796	   819.358	       4	       3
        78	   651.789	    69.786	       2	       1
       328	   402.657	    41.878	       1	       4
       903	   321.026	    49.396	       4	       2
       554	   557.912	   150.455	       1	       5
       259	   993.460	   395.350	       4	       1
        55	   834.487	   955.390	       1	       5
       866	   699.623	   110.795	       3	       1
       368	   918.259	   647.553	       1	       2
       381	    39.729	   527.622	       4	       5
       948	    70.333	   353.242	       4	       3
        67	   474.006	   198.199	       2	       5
       675	   349.167	   220.594	       1	       5
       810	   937.252	    43.822	       2	       5
       370	   489.565	   713.164	       1	       2
        43	   539.649	   653.840	       1	       5
       512	   895.260	   443.770	       3	       1
       656	   446.635	   718.939	       1	       2
       203	   877.034	   109.976	       2	       1
       317	   253.582	   938.719	       3	       4
       553	   273.810	   847.627	       4	       5
       401	   328.361	   659.036	       1	       4
       261	   547.564	   378.831	       2	       5
       151	   220.129	   416.567	       4	       4
       137	   671.429	   482.154	       2	       3
       397	   142.793	   935.284	       1	       4
       422	    94.100	   863.593	       3	       4
       665	   870.192	   477.924	       1	       4
       807	   236.869	   554.518	       1	       2
       588	   386.004	   875.404	       1	       4
       761	   571.542	   949.264	       1	       1
        71	   525.802	   639.185	       2	       5
       733	    76.024	   748.520	       3	       3
       106	   874.126	   351.625	       1	       2
       580	   951.136	   918.028	       2	       4
       988	   812.507	   836.752	       1	       5
       754	   283.802	   552.056	       3	       4
       516	   527.847	   867.627	       4	       3
       940	   339.417	   849.872	       2	       1
       808	   554.667	   808.411	       3	       3
       195	   974.403	   130.693	       1	       4
       106	   311.703	   536.003	       1	       1
       955	   668.797	   900.783	       4	       3
       518	   325.967	   770.832	       3	       1
       824	   774.477	   420.713	       3	       5
       349	   325.810	   977.880	       3	       2
       819	   889.827	   250.773	       1	       3
       286	   751.708	   333.610	       2	       5
       514	   762.632	   954.201	       3	       1
        50	   469.479	   808.715	       3	       5
       898	   210.765	   900.340	       3	       2
       520	    41.475	    11.590	       3	       3
       120	   321.829	   379.764	       4	       5
       444	    37.113	   235.522	       4	       4
       512	   693.855	   295.935	       1	       1
       142	   670.350	   737.995	       3	       1
       275	   430.472	   724.085	       4	       5
       134	   767.789	   461.799	       2	       1
       394	   536.008	   365.274	       2	       4
       228	    39.860	   584.692	       3	       3
       415	   134.793	   533.708	       1	       2
       517	   193.416	   550.580	       3	       4
        84	   335.664	   615.477	       1	       5
       159	    52.313	   395.648	       3	       2
       256	   605.117	   771.718	       2	       2
       427	   512.061	   251.203	       2	       4
       897	   617.461	   655.761	       2	       4
       176	   432.356	   960.397	       3	       5
       815	   847.700	     3.555	       2	       1
       565	   454.059	   723.361	       2	       2
       113	    15.404	   108.995	       1	       2
       555	   873.068	   543.787	       3	       1
       105	   656.202	   626.916	       1	       5
       435	   823.003	   242.947	       4	       1
       209	   951.776	   913.844	       2	       1
        79	    50.912	   622.313	       1	       3
       720	   235.072	   231.695	       2	       3
        33	    63.343	   770.132	       2	       3
       736	   421.658	   105.507	       4	       2
       116	   863.829	   555.225	       1	       3
        49	    81.624	    94.956	       2	       2
        41	   473.112	   580.984	       4	       5
       303	   125.543	   252.980	       2	       3
        48	   772.886	   649.467	       2	       3
       194	   841.422	   715.827	       3	       5
       865	    43.291	   524.186	       2	       4
       934	   486.441	   657.521	       1	       4
       430	   239.411	   813.294	       1	       1
       588	   952.474	   807.512	       4	       3
       788	   943.893	   619.682	       3	       1
       478	   613.934	   451.102	       2	       3
       906	   973.487	   407.950	       1	       2
        26	   344.861	   874.748	       4	       3
       808	   897.851	   702.932	       4	       5
       909	   434.595	   184.935	       1	       4
       518	   235.815	   565.732	       4	       5
       984	   940.828	   908.808	       2	       4
       886	   684.218	   150.690	       3	       1
       709	    64.912	   845.518	       4	       2
       575	   870.425	   820.202	       2	       4
       131	   701.380	   499.341	       2	       5
       762	   604.927	    37.584	       1	       1
       253	   732.375	   147.503	       2	       1
       896	   253.439	   922.639	       1	       4
       975	   600.489	    44.155	       2	       5
       827	   814.619	   372.499	       1	       2
       468	    54.114	   619.040	       2	       3
       885	   130.511	   196.948	       4	       5
       696	   842.446	   981.080	       2	       1
       165	   618.346	   155.975	       2	       5
       683	   531.288	   539.679	       4	       1
       850	   248.291	   618.011	       2	       1
       590	   295.079	   230.990	       1	       2
       561	   872.686	   466.309	       3	       1
       938	   421.666	   491.009	       2	       2
       875	    64.430	   766.862	       4	       5
       913	   896.985	   634.281	       1	       1
       555	   203.381	   467.550	       1	       2
       968	   826.228	   666.943	       3	       2
       792	   881.771	   453.377	       2	       1
        87	   486.751	   525.712	       4	       5
       949	   598.465	   658.568	       1	       1
        71	   527.267	   181.195	       3	       4
       863	   624.821	   788.050	       3	       5
       558	   855.042	   602.865	       3	       4
       790	   282.139	   980.333	       1	       5
       516	   883.756	   222.383	       2	       2
       447	   567.690	   466.266	       4	       1
       896	   115.103	   895.642	       4	       3
       292	   227.001	   601.433	       4	       2
       860	   595.982	   725.959	       2	       4
       772	   239.446	   413.670	       2	       5
       905	   131.416	   684.310	       2	       3
       493	   161.848	   946.055	       3	       2
       534	   844.873	   200.186	       1	       3
       755	   602.184	   807.365	       4	       5
       877	   963.567	   969.538	       1	       2
       291	   345.679	    14.569	       3	       5
       751	   595.625	   215.210	       1	       5
       395	   598.985	   117.377	       2	       3
       502	   615.704	   767.424	       1	       2
       691	    59.177	    81.217	       4	       5
       629	   750.317	   998.414	       3	       3
       577	   948.209	   389.612	       4	       4
       577	   534.679	   905.203	       1	       5
       458	   192.556	   188.578	       3	       5
       665	   752.926	   440.872	       3	       3
       486	     7.319	   844.812	       1	       4
       306	   328.256	   595.270	       2	       5
       326	   917.606	   462.158	       4	       5
       592	   588.367	   512.650	       1	       3
       443	   855.190	   573.886	       1	       2
       188	   604.672	   440.319	       1	       1
       682	   822.578	   193.559	       2	       1
       228	   879.484	   113.966	       3	       5
       286	   320.986	   151.228	       4	       1
       318	   122.955	    52.491	       2	       2
       560	   721.303	   558.676	       1	       4
       459	   440.347	   847.721	       1	       3
       730	   126.736	   359.119	       4	       5
       963	   589.824	    75.311	       1	       4
       830	    36.068	   425.724	       2	       2
        99	   200.182	   602.008	       3	       4
       797	   788.301	   425.403	       1	       2
       586	    12.097	   810.721	       1	       1
        52	   303.346	   941.886	       4	       2
       825	    21.376	   869.911	       3	       5
       927	   997.485	   703.999	       4	       1
       107	   582.030	   470.299	       3	       1
        11	   293.376	   682.698	       4	       3
        99	   928.949	    13.418	       4	       5
        48	   507.119	   982.478	       4	       4
       918	   454.692	   172.077	       3	       2
       890	   587.872	   906.260	       4	       5
        28	   264.138	   807.110	       3	       1
       983	   305.288	   800.140	       4	       3
       983	   371.655	   268.936	       4	       3
       482	   244.448	   219.154	       2	       3
       502	   584.547	   428.801	       4	       4
       484	   695.846	   849.371	       3	       5
       477	    71.947	   450.380	       1	       3
       305	   971.083	   935.420	       4	       4
       876	   753.071	   352.679	       3	       3
       137	   806.163	   619.392	       1	       1
       281	   751.640	   980.699	       1	       5
       303	    80.061	   643.463	       1	       2
       496	   481.696	    45.498	       4	       1
       174	   445.673	   463.557	       4	       4
       364	   672.473	   334.751	       1	       4
       137	   448.737	   532.182	       4	       4
       248	   704.313	   284.746	       2	       4
       779	   681.645	   122.261	       3	       4
        42	   697.149	   668.289	       3	       1
       680	   618.601	   681.360	       4	       5
        17	   150.981	   867.139	       4	       3
       122	   760.802	   132.381	       2	       5
        60	   781.046	   798.620	       4	       4
       700	   904.103	   826.769	       4	       1
       170	   233.769	   646.550	       2	       5
       821	   176.679	   204.922	       4	       3
       947	   391.099	   261.421	       1	       4
       719	   320.565	   418.497	       3	       1
        11	   815.477	   541.799	       3	       2
       619	   613.526	   477.438	       3	       1
       384	   760.002	   467.460	       1	       2
       189	   427.665	   839.841	       3	       2
       552	    99.441	   870.102	       3	       1
       604	   115.035	   816.754	       2	       4
       699	   373.407	   877.801	       1	       5
       347	   193.848	   571.009	       1	       1
       988	   820.746	   964.036	       1	       1
       745	   599.636	   606.544	       1	       5
       465	   688.845	   603.948	       3	       5
       775	   491.110	   319.298	       2	       1
       415	    88.174	   681.204	       4	       4
       540	   235.078	    51.966	       4	       4
       696	   461.602	   134.546	       2	       5
       182	   198.592	   130.242	       1	       2
       741	    25.476	   655.201	       3	       4
       147	   729.398	   175.333	       3	       3
       398	   724.917	   341.147	       2	       5
        87	   330.392	    44.312	       3	       1
       521	   843.494	   233.734	       2	       2
       841	   428.442	   964.224	       3	       3
       161	   864.686	   509.139	       2	       4
       105	   657.065	   151.075	       3	       1
       765	   581.036	   523.009	       1	       2
       197	   200.727	   943.509	       1	       5
       751	   529.547	   865.686	       3	       1
       647	   894.432	   392.066	       3	       2
        74	   304.994	   283.868	       1	       3
       988	   870.946	   761.730	       2	       4
       425	   908.745	   240.484	       3	       2
       651	   329.845	   254.232	       1	       5
        94	   683.074	    84.086	       3	       5
       984	   899.221	   864.144	       4	       4
       243	    75.697	   447.899	       1	       2
        78	   878.588	   561.786	       4	       4
        64	   190.839	   736.711	       2	       5
        35	   849.769	   796.489	       1	       2
       477	   667.119	   447.508	       1	       1
       421	   344.339	   184.128	       4	       4
       772	   151.376	   828.733	       4	       5
       578	   635.371	    30.998	       3	       5
       614	   847.788	   946.728	       4	       4
       786	   821.849	   576.978	       1	       5
       961	   628.240	   875.389	       4	       2
       887	   956.302	   608.565	       3	       2
       342	   589.923	   251.660	       4	       1
       184	   197.833	   296.130	       2	       1
       955	   429.331	   532.923	       3	       5
        21	   336.746	   962.078	       1	       2
       146	   991.945	   184.496	       4	       2
       455	   380.236	   509.898	       1	       2
       852	   992.701	   343.788	       1	       4
       161	   518.804	   769.725	       1	       5
       354	   172.280	   802.866	       3	       2
       227	    74.574	   424.560	       3	       1
       476	   370.306	   204.122	       4	       5
       220	   123.419	    67.089	       4	       4
        15	   634.519	   198.648	       1	       4
       889	   413.920	   272.401	       3	       5
       692	   990.916	   598.789	       2	       1
       824	   929.956	   873.083	       4	       5
       543	   149.236	   128.231	       2	       1
       957	   394.882	   958.189	       2	       5
       127	   461.580	   683.171	       1	       3
       595	   560.949	   741.964	       2	       2
       948	   780.364	   982.881	       3	       1
       919	   487.194	   416.101	       2	       3
       668	   419.994	   531.583	       3	       2
       161	   262.000	   679.213	       3	       4
       567	   910.806	   512.875	       2	       5
       489	    22.272	   299.112	       1	       1
       391	   821.122	   105.385	       2	       2
       574	   188.468	   284.932	       3	       5
       939	   685.757	   768.853	       4	       3
       704	   355.209	   640.783	       3	       4
       920	   974.213	   801.331	       1	       4
       963	   122.772	   517.121	       1	       4
       377	   187.570	   232.100	       1	       2
       455	   889.442	   627.962	       4	       1
       690	   583.406	   304.005	       3	       1
       763	   309.246	    29.529	       1	       5
       338	     0.764	   903.331	       4	       2
       971	   227.598	   420.370	       4	       2
       288	   145.404	   426.131	       4	       3
        12	   203.434	   741.252	       2	       1
       224	   896.323	   948.458	       4	       5
       267	   873.094	    72.516	       1	       3
        82	   700.289	   172.701	       3	       5
       317	   470.498	   322.357	       3	       2
       465	   827.136	   248.424	       4	       5
       890	   495.826	   495.495	       1	       2
       737	   363.489	   824.460	       2	       1
        87	   275.603	   853.972	       2	       2
       840	   924.741	   595.830	       3	       2
       570	   386.989	   240.174	       2	       5
       266	   492.881	   186.493	       4	       1
       564	   254.438	   743.391	       3	       1
       305	   884.967	   237.214	       1	       1
       525	   383.263	   539.491	       2	       5
       451	   297.575	   749.281	       2	       5
       821	   717.595	   228.249	       1	       4
       575	   190.870	   174.501	       2	       2
       949	   118.193	    39.736	       4	       2
       980	   836.998	   147.569	       4	       3
       876	   744.136	   851.439	       2	       4
       875	   590.521	   104.636	       3	       3
       853	   242.892	   223.645	       4	       2
       709	   623.247	    32.757	       3	       4
       332	   638.355	   676.357	       1	       2
       852	   327.569	   231.703	       3	       4
       613	    67.489	   413.592	       1	       1
       271	   880.539	   139.301	       3	       5
        36	   459.957	   377.217	       4	       2
       973	   763.873	   424.437	       1	       3
        41	   253.889	   472.965	       3	       3
       533	   591.387	   422.842	       3	       3
       397	   428.795	   102.757	       1	       5
       704	   382.101	   772.580	       4	       3
       139	   126.713	   137.206	       3	       3
        23	   244.267	   424.292	       1	       3
        69	    79.342	   271.956	       4	       4
       902	   302.858	   301.008	       3	       5
       450	   741.705	   672.421	       4	       5
       731	   615.016	   517.787	       4	       2
       146	   672.411	   190.087	       1	       2
        48	     8.383	   469.134	       2	       3
       398	   678.377	   339.541	       3	       5
       336	   503.181	   704.497	       2	       4
       854	   230.908	   226.095	       1	       2
       851	   174.897	   844.988	       4	       1
        15	   184.983	   526.230	       3	       4
       473	   844.260	   500.620	       3	       3
        94	   982.590	   253.686	       3	       3
       197	   913.740	   186.156	       1	       2
        41	   347.369	   471.819	       2	       2
       484	   780.225	   981.824	       3	       5
        17	   546.455	   132.906	       4	       3
       245	   816.442	   283.462	       2	       4
       332	   483.727	   800.641	       2	       5
       170	   589.951	   664.777	       2	       5
       952	   787.263	   278.758	       2	       3
       469	   100.235	   314.648	       1	       2
       860	   537.007	   419.948	       2	       1
       310	   365.983	   602.787	       3	       4
       842	   604.307	   719.339	       2	       3
       559	   958.803	   857.300	       1	       1
       185	   392.823	   681.111	       1	       4
       467	   392.973	   236.982	       3	       2
       484	   790.637	   925.721	       3	       3
       350	   645.078	   781.195	       4	       3
       793	   393.884	   307.381	       2	       4
       459	   688.955	   304.966	       1	       1
        62	   404.002	   881.168	       1	       2
       719	   136.113	   126.078	       1	       1
       972	   450.643	   633.461	       3	       1
       355	   334.419	   277.713	       4	       4
        38	   217.969	   827.200	       3	       3
       797	   925.775	   364.523	       1	       1
       795	   689.639	   733.366	       2	       2
       783	   598.821	   192.418	       4	       1
       247	   746.657	   481.446	       2	       5
       217	   541.971	   803.595	       2	       1
       404	   700.533	   396.988	       3	       2
       264	   930.560	   161.574	       2	       5
       423	   862.617	   648.982	       2	       5
       155	   167.442	   753.326	       1	       3
       219	   263.139	   280.193	       2	       5
       440	    71.610	   451.362	       3	       5
        17	   978.673	   900.449	       1	       5
        27	   236.384	   871.986	       4	       5
       764	   660.598	   707.188	       1	       5
        96	    89.631	   590.901	       1	       2
       327	   210.771	   817.382	       3	       4
       330	   502.824	   907.645	       4	       1
       529	   104.954	     2.508	       2	       3
       807	   388.873	   397.228	       2	       5
       705	   537.988	   561.410	       2	       1
       806	   339.204	   733.923	       1	       2
       894	   555.900	    87.473	       1	       2
       493	   536.768	   399.755	       1	       3
        53	   390.610	   279.621	       3	       1
       492	   696.270	   423.510	       2	       4
        65	   678.482	   497.979	       3	       4
       242	   687.303	   660.015	       4	       3
       271	   561.491	   496.236	       4	       3
       316	   358.080	   620.468	       3	       3
       870	   613.112	   582.440	       1	       4
       201	   935.736	   428.332	       2	       4
       702	   596.889	     4.976	       4	       1
       115	   979.590	   194.516	       1	       3
       940	   441.007	   320.207	       4	       4
       236	   739.612	   146.978	       2	       3
       989	    37.604	   598.664	       3	       1
       855	   764.727	   611.499	       3	       5
       175	   518.282	   500.093	       1	       5
       483	     5.317	   320.849	       3	       2
       960	   277.200	   653.258	       4	       4
       270	   534.832	   190.283	       3	       4
       821	   767.963	     5.881	       3	       2
       149	    53.093	   734.942	       3	       2
       551	   549.053	   443.504	       1	       2
       854	   800.995	   697.842	       2	       4
       483	   649.583	   185.043	       3	       3
       426	   931.447	    62.620	       4	       4
       700	    74.731	   378.109	       1	       3
       242	   276.806	   695.997	       1	       4
       701	   919.238	   102.818	       2	       5
       692	   765.005	   195.834	       2	       1
       417	   599.740	   453.953	       2	       1
       893	   832.968	   621.149	       1	       2
       135	   896.043	   750.124	       3	       2
       611	   972.720	   109.735	       4	       4
        53	   998.521	   624.624	       3	       5
       264	   139.649	   387.361	       3	       2
       380	    70.542	   670.090	       1	       2
       893	    73.467	   203.560	       3	       1
       626	    14.744	   527.919	       1	       1
       866	   971.820	   172.163	       4	       2
       105	    94.767	    18.681	       4	       5
       294	   841.737	   486.950	       4	       2
        74	   685.173	   184.178	       4	       4
       124	   487.557	   638.343	       4	       4
       224	   346.695	   536.575	       1	       4
       776	   353.648	   774.945	       3	       5
       836	   253.839	   392.960	       4	       1
       866	   911.018	   989.452	       2	       5
       649	   725.643	   515.215	       3	       1
       317	    25.926	   478.823	       3	       2
       928	   461.521	   749.442	       1	       1
        20	   281.301	   572.688	       3	       5
       885	    28.966	   362.465	       2	       4
       553	   884.682	   489.245	       3	       4
       510	   771.005	   189.138	       1	       2
        19	   329.735	   393.583	       3	       4
       113	   796.559	    29.962	       4	       3
       144	   324.638	   462.529	       1	       3
       680	   307.882	   274.474	       2	       2
       845	   928.109	   526.716	       1	       4
       668	   976.916	    29.272	       3	       5
       662	   523.555	   555.087	       3	       3
       339	   951.935	   292.998	       3	       4
        84	   887.996	   577.491	       2	       4
       357	   518.033	   732.770	       3	       4
       971	   372.749	   440.338	       3	       5
       223	   710.355	   663.157	       4	       3
       575	   455.643	   238.910	       2	       2
       180	   605.213	   998.599	       1	       1
       656	   990.406	   242.879	       4	       1
       403	   773.916	   940.828	       2	       5
       174	   334.276	   217.220	       4	       3
       481	    88.998	   497.564	       2	       1
       197	   184.906	   821.177	       4	       1
       786	   526.852	   716.588	       3	       2
       447	   417.102	   705.580	       3	       1
       993	   800.660	   440.441	       1	       4
       540	   933.202	   754.175	       3	       1
       116	   177.865	   919.954	       1	       3
        31	   860.067	   441.352	       1	       2
        77	   957.395	   527.965	       1	       5
       519	   959.471	    66.036	       3	       5
        24	    37.863	   390.773	       4	       1
        30	    57.584	   467.239	       3	       1
       390	     5.797	   895.138	       1	       3
       991	   312.681	   110.557	       1	       3
       275	    55.698	   731.138	       4	       1
       564	   293.862	   545.471	       1	       3
       972	   356.016	   606.535	       2	       1
       798	   953.677	    29.783	       3	       3
       373	   476.951	   146.747	       2	       3
       922	   278.238	   283.983	       3	       5
       836	   503.005	     4.872	       1	       1
        87	   643.358	   669.158	       2	       4
        52	   111.246	   870.258	       4	       3
       301	   758.062	   546.968	       2	       2
       853	   851.946	   543.164	       2	       5
       166	   844.250	   615.726	       2	       4
       756	   890.507	   302.182	       2	       2
        95	   381.842	   366.732	       3	       3
        44	   443.805	   574.940	       3	       4
       950	   101.581	   809.217	       1	       1
       244	   225.807	   201.597	       2	       4
       230	   971.320	   327.524	       1	       1
       732	   284.624	   742.921	       3	       1
       402	   907.396	   340.920	       4	       5
       808	   890.552	    47.611	       3	       3
       586	   922.504	   156.357	       2	       5
       727	   156.150	   193.865	       2	       2
       284	   879.722	   495.112	       3	       3
       176	   631.995	   635.125	       1	       3
       254	   210.628	   880.220	       1	       5
       917	   345.116	   902.537	       2	       3
       962	   159.919	   307.161	       4	       5
       190	   444.348	   753.380	       1	       4
       733	    83.775	   282.428	       2	       2
       854	   165.318	   368.577	       2	       3
       974	   197.196	   292.727	       1	       3
       503	   691.027	   413.691	       1	       2
        35	   573.803	   214.716	       1	       5
       754	   873.323	   318.986	       3	       2
       365	   244.634	   121.920	       4	       1
       591	   629.608	   963.018	       3	       3
       553	    34.431	   503.983	       1	       3
        69	   516.198	   923.101	       4	       3
       328	   863.226	   746.160	       3	       1
        39	   984.127	   457.705	       1	       4
       332	     9.873	   754.622	       3	       5
       645	   252.841	   628.023	       1	       5
        42	   223.850	   303.758	       1	       4
       849	    47.538	   521.659	       1	       5
       259	    10.172	   712.312	       2	       3
       966	   490.195	   305.314	       4	       2
       359	    45.482	    12.523	       1	       5
       210	   278.328	   268.263	       3	       2
       933	   639.975	   796.745	       3	       3
       875	   294.692	   929.993	       1	       3
       999	   269.655	   625.331	       3	       4
        78	   590.547	   132.807	       3	       5
       560	   380.534	   757.570	       4	       1
       326	   702.523	   526.905	       2	       2
       107	   496.124	   753.869	       1	       1
       512	   633.209	   858.612	       4	       5
       787	   353.394	   947.542	       1	       1
       845	   287.044	   654.538	       1	       1
       344	   133.207	   854.258	       4	       5
       841	   937.080	   742.588	       1	       3
       798	   804.836	   727.101	       4	       2
       429	   938.029	   858.791	       4	       3
       449	   185.381	   923.003	       4	       1
       765	   933.156	   902.076	       1	       1
       166	   935.753	   395.750	       1	       4
       695	   283.545	    84.021	       3	       5
       102	   274.634	   829.574	       4	       2
       450	   551.432	   538.932	       2	       5
       900	   185.289	   542.076	       4	       3
       829	   442.101	   825.175	       2	       2
       526	   185.318	    31.984	       2	       1
       729	   947.376	   877.960	       1	       4
       981	   493.825	    34.634	       4	       1
        41	   963.918	   693.195	       1	       2
       750	   644.942	   587.484	       4	       1
        86	   484.316	   641.749	       3	       5
       446	   967.695	   374.080	       3	       5
       260	   143.190	   275.462	       3	       4
       816	   632.330	   509.409	       3	       3
       605	   661.888	   885.823	       3	       4
       730	   433.840	   565.290	       3	       1
       889	    59.357	   663.149	       3	       4
       494	   492.723	   441.379	       3	       5
        84	   465.134	   972.139	       1	       4
       592	   806.747	   742.522	       3	       4
       932	   256.661	   354.903	       2	       5
       750	   391.430	   653.531	       3	       5
       195	   240.172	   542.616	       2	       3
       808	   686.443	   884.056	       3	       1
       109	   989.883	   275.054	       3	       3
       458	   177.430	   108.067	       4	       2
       816	   821.447	   191.272	       2	       3
       924	   230.989	   387.046	       1	       3
        51	    57.976	   854.060	       1	       3
       508	   138.817	   270.845	       2	       3
       873	   935.153	   626.359	       2	       4
       835	   888.542	   623.552	       4	       1
       698	   289.260	   408.047	       3	       3
       692	   947.764	    50.335	       2	       2
       379	   849.931	   744.834	       2	       5
       252	   434.655	   295.726	       3	       3
       958	   468.050	   398.458	       2	       1
       672	   629.853	   377.240	       4	       2
       586	   158.032	   663.603	       4	       3
       976	    14.782	    86.333	       2	       5
       199	   265.512	   549.890	       3	       3
       198	    15.444	    15.422	       4	       2
       375	   674.499	   983.039	       3	       5
       106	   551.469	   598.427	       2	       5
       165	   321.648	   384.114	       4	       4
       266	   780.202	   146.748	       4	       3
       676	   145.785	   696.878	       4	       2
       828	   244.881	   905.808	       3	       1
       286	   292.314	   318.109	       2	       2
       772	   195.932	   766.492	       4	       5
        36	    87.939	   287.498	       4	       5
       971	   869.976	   957.225	       1	       4
       367	    88.189	   702.316	       1	       5
       983	   683.710	   625.016	       2	       2
       498	   120.401	   930.735	       1	       3
       796	    10.699	   269.042	       2	       2
       966	   557.268	   923.616	       2	       4
       263	   907.109	   678.083	       3	       1
       476	   860.457	   771.363	       3	       1
       752	   338.451	   571.635	       4	       5
       325	    27.159	   833.905	       3	       3
       639	   800.859	   698.282	       1	       1
       379	   805.985	   146.609	       1	       5
       584	   868.488	   612.461	       3	       1
       508	   669.647	   279.320	       1	       4
       688	   807.779	   915.879	       3	       1
       673	   897.498	   198.232	       4	       2
       590	   453.830	   285.716	       4	       5
       719	   557.825	    47.655	       2	       2
       199	   506.131	   447.579	       3	       4
       353	   691.984	   557.588	       1	       4
       460	   682.907	   573.561	       2	       3
       797	   520.314	   905.377	       1	       5
       769	   828.468	   347.414	       4	       2
       686	   505.779	   447.528	       1	       5
       795	   824.859	   851.238	       3	       3
       159	   281.845	   576.829	       2	       5
       215	   178.495	   653.993	       4	       3
       372	   969.871	   278.359	       4	       4
       898	   741.940	   487.471	       3	       4
       765	   259.792	   620.952	       4	       1
       676	   581.235	   133.394	       1	       2
       763	   955.262	    32.909	       3	       3
       426	    80.754	   113.411	       1	       5
       530	    83.534	   477.461	       2	       4
       914	   619.135	    24.027	       4	       4
       926	   224.493	   626.209	       4	       2
        78	   765.184	    97.583	       4	       1
       604	   568.153	   250.962	       1	       5
       320	   666.188	   426.493	       4	       5
       735	   107.814	   115.827	       1	       3
       393	    84.283	   270.552	       4	       1
       743	   625.121	    21.080	       1	       3
       513	   409.731	   985.046	       1	       2
       724	    87.253	   611.574	       3	       3
        99	   371.064	   378.354	       3	       4
       801	   672.144	    26.528	       4	       3
       872	   189.587	   389.839	       1	       4
       996	   895.729	   452.559	       3	       4
       791	   949.846	   931.003	       3	       4
       405	   961.573	   278.504	       2	       3
       948	   730.083	   614.782	       4	       2
       404	   406.288	   665.168	       4	       5
       226	   743.749	   185.961	       2	       1
        34	   287.987	   505.763	       3	       2
       825	   314.417	   786.501	       1	       3
       259	   605.896	    96.579	       1	       1
       462	   594.847	   606.035	       2	       1
       949	   878.661	    26.060	       3	       1
       741	   254.601	     7.047	       3	       1
       643	   766.188	    59.529	       3	       3
       151	   941.013	   481.400	       2	       3
        16	     1.033	   925.704	       2	       2
        12	   476.089	   405.557	       3	       5
       333	   657.040	    75.033	       1	       1
       359	   843.323	   861.352	       3	       3
       244	   183.739	   519.298	       4	       1
       398	   856.159	   318.936	       2	       1
       166	   364.365	   963.032	       3	       1
        45	   892.274	   938.262	       4	       4
       988	    27.712	   260.019	       2	       2
       368	    85.390	   201.392	       2	       4
       215	   981.410	   588.909	       2	       3
       184	   609.502	   842.518	       4	       3
        88	   417.632	   336.721	       4	       5
       627	   169.214	   586.429	       3	       1
       400	   649.901	   162.245	       4	       1
   194.594	   339.487
   761.335	   494.647
   150.098	   315.027
   265.907	   545.439
   689.495	   682.478
    15.089	   220.367
    32.194	   485.337
   287.526	   992.981
   336.623	   324.161
   362.216	    35.362
   807.191	   817.352
    35.981	   503.307
   358.395	    52.784
   638.278	   890.305
   143.004	   404.514
   857.739	   929.273
   645.564	   402.078
   115.293	    76.832
   208.097	   245.301
   745.498	   350.261
   403.407	   750.728
   484.470	   184.748
   887.455	   430.974
   137.444	   873.245
   964.373	   533.761
    42.630	   103.155
    99.440	    24.522
   223.238	   705.810
   806.585	   979.127
   455.873	   785.165
   653.251	   764.726
   174.321	   675.448
   166.722	   795.503
   520.848	    40.018
   740.294	   264.682
   462.474	   695.398
   869.614	   866.988
   660.412	   674.607
   249.090	   176.276
   234.902	   936.308
   374.047	   903.379
   756.616	    86.679
   937.938	   193.000
   861.906	   275.193
   261.611	   738.412
   412.279	   859.373
   611.544	   578.322
   546.834	   199.646
   389.275	   415.090
   101.421	   137.859
   712.245	   917.396
    88.135	   764.531
   866.077	   510.214
   863.448	   453.575
   708.451	    97.842
   486.425	   318.675
   699.147	   120.633
   394.987	   782.338
   797.496	   544.884
   786.417	   227.277
   155.529	   224.203
   317.818	   260.398
   343.983	   308.873
   364.170	   387.705
   566.646	   297.549
    41.687	   679.556
   659.970	    35.074
   201.632	   328.110
   416.463	   745.292
   450.893	   942.808
   348.727	   802.733
   383.280	   240.826
   180.306	   232.915
    68.130	   190.337
   551.257	   882.498
   595.867	   237.856
   145.500	   758.181
   230.942	   261.050
   286.377	    33.082
   830.751	   733.448
   153.421	   726.202
   552.139	    88.959
   568.140	   326.701
   343.420	   948.365
   350.617	   162.949
   959.112	    86.672
   553.344	   594.604
   652.731	   930.990
   490.740	   133.778
   646.650	   513.012
   605.251	   683.999
   145.173	   171.830
   334.681	    11.260
   460.434	   887.683
   127.822	    35.231
   363.073	   257.458
   228.142	   651.684
   847.503	   285.783
   341.474	     9.708
   226.789	   575.452
   408.181	   307.792
   683.064	   151.514
    65.622	   971.283
   180.729	   164.972
   694.307	   727.235
   752.257	   890.724
   617.754	   858.715
   879.199	   184.257
   168.800	   236.809
   703.548	    18.363
   917.260	   931.405
   150.740	   887.121
   243.764	   595.466
   546.685	   109.368
   344.119	   173.543
   690.639	   576.960
    57.568	   251.657
   160.764	   300.172
   716.238	   170.987
   970.619	   189.592
   929.550	   463.421
   901.067	   509.874
   127.743	   511.580
   145.929	   997.139
    72.265	   129.596
   542.540	   756.170
   882.486	   793.757
   531.792	   584.883
   781.715	   462.738
   188.454	   893.427
   863.111	   828.180
   187.425	    50.291
    54.764	   962.984
   421.491	     7.340
   555.104	   573.132
   970.742	   572.431
    91.754	   834.380
   273.918	   384.716
   105.107	    91.041
   390.440	   581.687
   289.011	    24.846
   513.300	   361.796
   348.257	   985.317
   928.228	   868.779
   789.948	   152.497
   861.011	   798.826
   129.501	   810.997
   575.070	   928.207
   214.783	   224.384
   868.239	   498.967
    15.019	   827.444
   105.744	   667.334
   376.057	   593.936
   402.094	   651.976
   277.220	   238.516
    96.063	    25.540
   118.730	   736.257
   317.945	   326.792
   950.793	   376.757
   207.407	   612.616
   747.280	   657.165
   258.189	   202.899
    37.240	   826.032
    16.052	   380.207
   152.706	   631.744
   462.084	   966.411
   755.901	   564.786
   728.815	   358.911
   352.389	   618.970
   479.139	   501.793
   814.074	   452.376
   838.403	   732.271
   319.917	   924.510
     4.265	   479.271
    46.931	    88.230
   737.807	   569.654
   272.632	   244.951
   481.486	    39.578
   192.031	   788.140
   847.113	   272.768
   503.378	   777.070
   527.160	   488.209
   288.080	   317.936
   511.999	   314.025
     1.964	    42.025
   277.295	   534.400
   348.763	   823.552
   283.951	    83.895
    85.952	   108.559
   521.781	   529.256
   788.479	   660.142
   942.598	   694.746
   497.290	   313.222
   593.754	    37.778
   290.860	   414.563
   149.160	   226.044
   131.872	     1.115
   732.361	   685.717
   734.469	   952.063
   179.350	   391.152
   413.560	   300.298
   594.144	   553.752
   125.282	   851.976
   785.369	   794.967
   619.992	   684.757
   615.222	   432.107
   701.208	   690.434
   987.183	   216.025
   562.394	   283.943
   864.416	   777.821
   418.709	   929.980
   654.469	   190.050
   925.261	   296.063
   664.151	     6.210
   303.081	   431.562
   619.946	   210.295
   351.318	   641.425
   322.367	   709.589
   610.205	   118.778
   160.323	    82.144
   486.739	   906.335
   945.634	   389.239
   383.914	   533.403
   188.963	   963.242
   468.839	   759.054
   840.908	   325.540
   842.668	    85.849
   827.803	   536.024
    11.476	   336.125
   267.040	    21.685
   999.876	   771.152
   119.683	   384.909
   490.089	   571.321
   790.026	   755.743
   122.214	   940.847
   662.409	   612.322
   488.080	   315.396
   194.290	   110.077
   878.630	    73.919
   181.487	   319.691
   639.053	   660.839
   740.827	   695.152
   562.673	   207.718
   628.842	    82.796
   118.965	   305.511
   308.037	   547.575
   586.962	   754.670
   395.464	   529.657
   663.946	   286.984
   851.955	   624.180
   190.222	   264.837
   903.273	   652.693
   383.176	   841.898
   943.124	   638.948
   617.382	   565.631
   790.096	   307.142
   514.775	   876.777
   531.145	   988.822
   327.594	   777.479
   129.365	   573.644
   383.822	   141.279
   214.976	   314.929
    32.865	   366.859
   274.887	   291.895
   180.576	   445.953
   875.530	   610.633
    81.237	   212.915
   183.896	   249.760
   704.031	   112.150
   919.226	   307.589
   251.458	   497.448
    21.301	   489.808
   960.504	   995.577
   682.221	   981.109
   310.663	   436.563
   472.373	   972.021
   599.256	   214.398
   373.869	   541.121
   874.488	   453.435
   726.173	   967.609
   954.341	   836.176
   351.066	   214.147
   937.174	   439.539
   479.101	   168.477
   642.323	   529.087
   736.647	   793.485
   809.338	    35.879
   396.259	   191.359
   447.946	   977.456
   817.277	   960.797
   717.557	   556.592
   940.849	   646.091
   979.598	   272.093
   178.913	   952.091
   227.919	   669.775
   715.986	   666.808
   747.383	    11.103
   603.180	   852.970
   877.300	   778.326
   251.990	   684.924
    73.366	   349.241
   698.827	   628.265
   914.929	   192.808
   770.180	   780.519
   670.264	   167.712
   571.087	   452.809
   302.325	     1.350
   567.024	   615.938
   195.739	    12.462
   311.992	   114.799
   546.049	   623.215
   270.869	   845.182
   493.590	   900.341
   372.160	   868.694
   866.771	   730.551
   430.146	   415.984
   802.561	   661.425
   347.513	   778.149
   196.832	   438.058
    11.342	   996.701
   654.815	   427.513
   827.098	   395.796
   437.165	   114.037
    61.142	   968.772
   272.211	   627.586
   686.766	    88.866
   551.654	   139.791
   540.769	   775.324
   665.178	   682.824
   905.973	   802.939
