1500	500	50	2000	
        47	   904.846	   433.478	       1	       1
       245	    63.271	   527.981	       1	       1
       918	   292.299	   456.383	       1	       1
        82	   145.026	   858.731	       1	       1
       777	   651.545	   841.778	       1	       1
       915	   143.707	   418.333	       1	       1
       725	   310.968	   417.528	       1	       1
       655	   954.782	     2.468	       1	       1
       857	   917.505	    20.268	       1	       1
       970	   848.547	   174.483	       1	       1
       154	   525.272	   787.798	       1	       1
       139	    96.774	    50.427	       1	       1
       982	   146.325	   943.963	       1	       1
       593	   415.103	   533.641	       1	       1
       759	   524.872	   133.554	       1	       1
       518	   282.037	    67.048	       1	       1
       400	   262.218	   407.989	       1	       1
       291	   456.978	   962.684	       1	       1
       188	   396.003	   278.237	       1	       1
       286	   729.957	   699.964	       1	       1
       264	     6.008	   632.462	       1	       1
       367	   613.720	   892.062	       1	       1
       924	    31.197	    70.274	       1	       1
       478	    62.710	   558.849	       1	       1
       917	   257.612	   675.219	       1	       1
       262	   591.889	   971.098	       1	       1
       500	    88.207	   687.511	       1	       1
       678	   861.043	    53.675	       1	       1
       935	    72.465	   997.346	       1	       1
       408	   328.781	   888.042	       1	       1
       572	   810.570	   367.252	       1	       1
       590	   933.149	   424.414	       1	       1
       225	   246.993	   193.713	       1	       1
       993	   554.556	   218.336	       1	       1
       763	   560.480	   538.059	       1	       1
       513	   477.248	   564.966	       1	       1
       488	   449.832	   573.435	       1	       1
       874	   935.863	   543.635	       1	       1
        96	   390.073	   667.886	       1	       1
       151	    46.876	   381.610	       1	       1
       403	   255.708	   976.935	       1	       1
        17	   432.552	   249.753	       1	       1
       329	   294.153	   811.196	       1	       1
       839	   541.572	   330.505	       1	       1
       544	   760.635	   214.598	       1	       1
       323	   906.792	   971.214	       1	       1
       523	   771.671	   252.230	       1	       1
       906	   564.868	   975.413	       1	       1
       326	   171.437	   479.469	       1	       1
       219	   425.665	    26.643	       1	       1
       274	   749.197	   423.307	       1	       1
       738	    32.961	   741.477	       1	       1
       663	   482.098	   175.862	       1	       1
       637	   521.726	   341.959	       1	       1
       441	   537.513	   843.790	       1	       1
       643	   163.177	   665.648	       1	       1
       466	   638.078	   517.715	       1	       1
       552	   236.199	   607.104	       1	       1
        81	   156.810	   775.850	       1	       1
       397	   388.616	   956.531	       1	       1
       464	   502.657	   906.090	       1	       1
       927	   165.633	   162.270	       1	       1
       571	   556.938	   974.128	       1	       1
       323	   810.447	   850.944	       1	       1
       525	   136.345	   666.790	       1	       1
       974	   775.352	   693.631	       1	       1
       802	   982.249	   996.609	       1	       1
       507	   942.545	   185.606	       1	       1
        53	   339.231	    60.280	       1	       1
       598	   693.087	   637.513	       1	       1
        36	   662.162	   947.164	       1	       1
       830	   827.978	   882.980	       1	       1
       346	   846.496	   254.099	       1	       1
       631	   555.046	   952.649	       1	       1
       893	   673.246	    18.881	       1	       1
       307	   498.583	   813.695	       1	       1
       476	     7.978	   180.964	       1	       1
        25	   712.066	   100.815	       1	       1
        74	   508.476	   182.520	       1	       1
       206	   190.539	   604.706	       1	       1
        35	   861.092	   857.526	       1	       1
       377	   813.734	   172.776	       1	       1
       748	   721.225	   830.622	       1	       1
       481	    60.331	   333.634	       1	       1
       913	    10.678	   608.243	       1	       1
       292	   982.796	   860.859	       1	       1
       675	   608.310	   229.541	       1	       1
       626	     1.182	   814.661	       1	       1
        32	   471.005	   712.751	       1	       1
       787	   538.985	   372.718	       1	       1
       717	   561.326	   920.780	       1	       1
       136	   922.110	   736.042	       1	       1
       289	   650.901	   324.260	       1	       1
       391	    63.536	    48.982	       1	       1
       366	   305.026	   523.625	       1	       1
       165	   491.718	   847.341	       1	       1
       943	   411.547	   893.126	       1	       1
       323	   317.865	   569.424	       1	       1
       605	   488.282	   657.226	       1	       1
       176	    62.716	   654.858	       1	       1
       658	   113.297	   172.446	       1	       1
       298	   948.837	   901.985	       1	       1
       428	   751.886	   874.743	       1	       1
       788	   101.407	   733.406	       1	       1
       289	   584.938	   722.111	       1	       1
       665	   907.533	   277.042	       1	       1
       761	   643.294	   407.661	       1	       1
        97	   664.543	   200.849	       1	       1
       803	   225.004	   784.544	       1	       1
       977	    81.448	   913.366	       1	       1
       253	    90.988	   794.966	       1	       1
       358	     3.844	   182.099	       1	       1
       596	   957.428	   186.818	       1	       1
       200	    64.792	   628.545	       1	       1
       312	   764.933	    13.631	       1	       1
       938	   545.755	    93.254	       1	       1
       738	   499.811	   620.388	       1	       1
       161	    87.548	   427.815	       1	       1
       705	    13.014	   182.626	       1	       1
       331	    64.872	   636.744	       1	       1
       379	     9.319	   289.520	       1	       1
       855	   972.104	   862.741	       1	       1
       781	   148.840	   606.630	       1	       1
       906	   599.692	   461.327	       1	       1
       263	   411.833	   573.415	       1	       1
       471	   737.848	   808.041	       1	       1
       784	   636.540	   957.269	       1	       1
       574	   920.947	   259.632	       1	       1
       479	   674.172	   401.345	       1	       1
       464	   228.418	   885.140	       1	       1
       524	   436.192	   268.668	       1	       1
       598	   511.046	   672.763	       1	       1
       997	   971.720	   377.594	       1	       1
       159	     2.559	   132.290	       1	       1
       725	    64.839	    77.728	       1	       1
       273	   846.513	   703.802	       1	       1
        87	   945.479	   502.205	       1	       1
       722	   766.003	   837.651	       1	       1
        85	   651.160	   652.923	       1	       1
       342	   815.088	    43.164	       1	       1
        53	     2.297	   157.168	       1	       1
       542	   252.872	   923.561	       1	       1
       552	   330.269	   635.265	       1	       1
       558	   100.652	   581.288	       1	       1
       881	   645.129	   209.407	       1	       1
       785	   825.311	    26.697	       1	       1
       823	   355.245	   936.848	       1	       1
       974	   216.428	   458.968	       1	       1
       579	   475.496	   908.642	       1	       1
       762	   223.543	     3.378	       1	       1
       518	   367.363	   587.592	       1	       1
       220	   738.999	   741.554	       1	       1
       106	   460.742	   411.089	       1	       1
       279	    71.300	   480.495	       1	       1
        20	   335.148	   729.246	       1	       1
       289	   610.065	   108.437	       1	       1
       902	   702.423	   730.384	       1	       1
       859	   869.807	   459.615	       1	       1
       913	     5.511	   879.154	       1	       1
       899	   298.707	   674.212	       1	       1
       162	   749.143	    57.593	       1	       1
       724	   863.316	   156.125	       1	       1
       486	   896.700	   621.267	       1	       1
       670	   399.194	   572.743	       1	       1
       426	   438.245	   180.811	       1	       1
       150	   387.023	   115.153	       1	       1
       203	   225.082	   864.530	       1	       1
       616	   147.680	   280.984	       1	       1
       582	     2.587	   958.820	       1	       1
       499	   766.219	   810.169	       1	       1
       162	   979.577	    36.100	       1	       1
       348	   826.033	   400.486	       1	       1
       893	   185.735	     3.111	       1	       1
       875	   762.506	   179.699	       1	       1
       140	   189.207	   462.116	       1	       1
       502	   340.227	   127.719	       1	       1
       742	   608.595	    20.288	       1	       1
       625	   689.795	    45.167	       1	       1
       876	   388.097	   901.700	       1	       1
       276	   269.398	   780.172	       1	       1
       704	   944.259	   979.176	       1	       1
       874	   304.447	   741.754	       1	       1
       499	   584.530	   415.578	       1	       1
       860	   424.555	   739.337	       1	       1
       480	   342.557	   378.213	       1	       1
       208	   417.049	   503.757	       1	       1
       716	   760.839	    44.398	       1	       1
       337	   862.550	   309.286	       1	       1
       186	   515.751	   978.143	       1	       1
       576	   291.348	   214.181	       1	       1
        25	   215.090	    15.559	       1	       1
       911	   958.140	   600.028	       1	       1
       411	   997.802	   251.714	       1	       1
       180	   549.790	   740.115	       1	       1
        30	   747.382	   245.000	       1	       1
       640	   736.056	   426.004	       1	       1
       954	   299.906	   458.979	       1	       1
       288	   858.737	   842.621	       1	       1
       495	   342.195	   906.590	       1	       1
       919	   793.313	   636.995	       1	       1
       636	   473.951	   139.836	       1	       1
       619	   256.894	   548.725	       1	       1
       703	    95.632	   796.258	       1	       1
       862	   105.734	   100.977	       1	       1
        20	   262.925	    43.990	       1	       1
       106	   396.453	   166.575	       1	       1
       193	   740.478	   526.583	       1	       1
       327	   317.931	   458.438	       1	       1
       578	   495.554	    90.358	       1	       1
       739	   855.452	   199.945	       1	       1
       415	   991.480	   821.204	       1	       1
       241	    47.518	   228.133	       1	       1
       106	   100.038	   593.225	       1	       1
       515	   225.726	    86.627	       1	       1
       989	   358.340	   927.408	       1	       1
        35	   141.959	   701.465	       1	       1
       507	   784.811	   412.517	       1	       1
       920	   372.465	   831.616	       1	       1
       151	    61.842	   511.942	       1	       1
       222	   724.032	   965.064	       1	       1
       638	   349.729	   630.966	       1	       1
       821	   488.800	   133.817	       1	       1
       656	   707.032	   391.434	       1	       1
       727	   542.847	   946.105	       1	       1
       706	   249.791	   998.806	       1	       1
       965	   752.822	   150.441	       1	       1
       921	   427.213	   290.458	       1	       1
       546	   941.079	    95.207	       1	       1
       147	   967.517	   646.594	       1	       1
       460	    32.196	   546.525	       1	       1
       209	   478.580	   888.924	       1	       1
       831	    81.347	   699.004	       1	       1
       335	   421.842	   779.638	       1	       1
       430	   150.522	   467.625	       1	       1
       879	   556.960	   351.229	       1	       1
       770	   664.400	   300.973	       1	       1
        31	   949.377	   542.014	       1	       1
       306	   336.973	   729.599	       1	       1
        87	   508.410	   496.025	       1	       1
       229	   875.110	     9.994	       1	       1
       699	   251.200	   591.605	       1	       1
       379	   648.140	   817.003	       1	       1
       313	   164.723	   750.821	       1	       1
       471	   352.644	   191.349	       1	       1
       434	   791.257	   354.490	       1	       1
       472	    42.718	   502.686	       1	       1
       567	   633.724	   550.342	       1	       1
       865	   764.163	   607.421	       1	       1
       666	   815.824	   433.020	       1	       1
       934	   453.434	   876.978	       1	       1
       244	   711.606	   369.799	       1	       1
       567	   161.523	   871.540	       1	       1
       461	   617.359	   256.092	       1	       1
       894	   871.365	   998.183	       1	       1
       332	   882.084	   155.628	       1	       1
       984	   429.675	   536.637	       1	       1
       312	   273.736	   564.307	       1	       1
       394	   848.296	   214.359	       1	       1
       423	   252.929	   198.680	       1	       1
        73	    84.629	   569.785	       1	       1
       853	   442.701	   290.621	       1	       1
       557	   515.021	   951.389	       1	       1
       959	    64.406	   926.523	       1	       1
       487	   456.559	   202.262	       1	       1
       555	   289.386	   458.121	       1	       1
       652	   510.328	   597.031	       1	       1
       478	   405.986	   633.001	       1	       1
       605	   964.581	   359.331	       1	       1
        58	   526.782	   833.069	       1	       1
       832	   173.998	   474.165	       1	       1
       298	   366.335	   441.284	       1	       1
       263	   354.962	   118.371	       1	       1
       678	   402.277	   595.781	       1	       1
        65	   958.437	   548.715	       1	       1
       732	   977.091	   112.226	       1	       1
       297	   942.021	   350.742	       1	       1
        38	   705.621	   897.678	       1	       1
       232	    28.622	   576.554	       1	       1
       340	   408.526	   792.084	       1	       1
       146	   931.111	   398.468	       1	       1
       119	   827.084	   992.116	       1	       1
       621	   659.759	    59.767	       1	       1
        42	   259.557	   131.363	       1	       1
       530	   505.096	     8.932	       1	       1
       606	   677.517	   964.068	       1	       1
       983	   609.658	   952.281	       1	       1
       572	   496.753	   687.188	       1	       1
       601	    12.079	   585.404	       1	       1
       179	   470.816	   675.471	       1	       1
       842	   266.043	   469.138	       1	       1
       630	   694.160	   677.538	       1	       1
       221	   542.451	   738.306	       1	       1
        34	   786.911	   253.806	       1	       1
       123	   575.470	   980.544	       1	       1
       798	   699.374	   420.762	       1	       1
        54	   836.862	   663.618	       1	       1
       281	   529.454	   303.899	       1	       1
       680	   951.464	   278.285	       1	       1
       485	   312.523	   518.474	       1	       1
       920	   750.524	   693.370	       1	       1
       509	   518.354	   438.426	       1	       1
       797	    79.230	   218.732	       1	       1
       261	   300.392	   490.908	       1	       1
       676	   624.828	   988.593	       1	       1
       245	   647.319	   902.334	       1	       1
        96	    71.825	   871.679	       1	       1
       401	   396.722	   878.440	       1	       1
       749	    57.812	   498.219	       1	       1
        63	   511.597	    43.784	       1	       1
       441	   184.451	   135.262	       1	       1
       888	   744.074	   528.870	       1	       1
       454	   415.486	   904.231	       1	       1
       765	   316.162	   298.153	       1	       1
       300	   644.469	   341.260	       1	       1
       110	   648.464	   391.117	       1	       1
       750	   724.999	   602.514	       1	       1
       810	   895.496	   242.783	       1	       1
       925	   380.957	   679.359	       1	       1
       461	   471.695	    80.480	       1	       1
       802	   847.239	   150.949	       1	       1
       733	   864.218	   923.645	       1	       1
       239	   217.997	   345.009	       1	       1
       616	   625.420	   775.927	       1	       1
       176	   411.450	   231.664	       1	       1
       697	   591.436	   956.007	       1	       1
       241	   548.373	    91.489	       1	       1
       911	   297.853	    77.523	       1	       1
        89	   792.971	   796.046	       1	       1
       585	   514.763	   477.460	       1	       1
       891	   263.826	    21.840	       1	       1
        97	   645.310	   300.534	       1	       1
       426	   660.929	   261.030	       1	       1
       820	   434.488	   821.301	       1	       1
       724	   434.140	   701.980	       1	       1
       716	   179.209	   416.488	       1	       1
       738	   650.436	   856.802	       1	       1
       748	   913.288	   443.683	       1	       1
       680	    51.405	    55.491	       1	       1
       667	   734.191	   859.701	       1	       1
       334	   328.118	    19.143	       1	       1
       842	   907.629	   396.863	       1	       1
       198	    84.492	   717.090	       1	       1
       510	    55.524	   413.529	       1	       1
       216	   525.908	   898.111	       1	       1
       155	   937.509	   749.731	       1	       1
       177	   969.981	   564.324	       1	       1
       173	   234.356	   793.689	       1	       1
       475	   850.914	   176.523	       1	       1
       678	   656.932	    93.145	       1	       1
       672	   645.423	   907.357	       1	       1
       816	   855.358	   650.582	       1	       1
       691	   931.057	   952.534	       1	       1
       468	   438.093	   394.986	       1	       1
       727	    52.713	   118.369	       1	       1
       336	   547.494	   691.406	       1	       1
       675	   202.117	    60.063	       1	       1
       240	   853.310	   367.380	       1	       1
       250	   721.343	   440.985	       1	       1
        58	   931.012	   525.095	       1	       1
       700	   485.215	   725.783	       1	       1
       968	   923.396	   513.492	       1	       1
       310	   888.721	   763.253	       1	       1
       627	    89.803	   719.456	       1	       1
       192	   966.785	   599.044	       1	       1
       266	   133.981	   943.098	       1	       1
       352	   426.328	    86.544	       1	       1
       513	   858.828	   249.778	       1	       1
       794	   454.268	   305.202	       1	       1
       285	   128.900	   942.441	       1	       1
       787	   308.793	   618.880	       1	       1
       634	   470.802	   595.100	       1	       1
       742	   693.147	   185.640	       1	       1
        61	   639.273	    31.257	       1	       1
       889	   295.594	   229.588	       1	       1
       148	   348.348	   682.992	       1	       1
       133	   131.047	   490.428	       1	       1
       334	   514.817	   544.370	       1	       1
       417	   607.738	   681.547	       1	       1
       280	   205.722	   994.478	       1	       1
       713	   992.568	   342.794	       1	       1
       543	   142.178	   238.721	       1	       1
       184	   718.765	   479.100	       1	       1
       390	   647.367	   968.769	       1	       1
       141	   798.854	   920.512	       1	       1
       450	   613.725	   160.831	       1	       1
       866	   726.182	   846.448	       1	       1
       218	   536.337	   433.059	       1	       1
       952	   647.552	   445.745	       1	       1
       576	   322.653	   609.071	       1	       1
       985	   476.402	   245.224	       1	       1
       593	    26.220	   542.425	       1	       1
       518	   425.571	   876.233	       1	       1
       536	   957.837	   509.231	       1	       1
       727	   840.763	   564.413	       1	       1
       153	   932.998	   784.680	       1	       1
       419	   309.126	   642.894	       1	       1
       831	   677.620	   675.240	       1	       1
       734	   609.057	    69.329	       1	       1
       515	   204.431	   891.867	       1	       1
       964	   165.722	   361.596	       1	       1
       991	   299.627	   751.179	       1	       1
       636	   537.346	   426.481	       1	       1
       760	   340.003	   120.724	       1	       1
       935	   484.226	   799.031	       1	       1
       566	   868.370	    87.441	       1	       1
        47	   800.900	   966.522	       1	       1
       160	   546.620	   825.295	       1	       1
       485	   181.609	   974.609	       1	       1
       448	   700.848	   756.269	       1	       1
       342	   783.241	   520.154	       1	       1
       534	   440.239	   679.541	       1	       1
       386	   825.642	   840.073	       1	       1
       325	   391.217	   497.969	       1	       1
       932	   928.511	   397.147	       1	       1
       982	    50.894	   611.517	       1	       1
       977	   490.290	   144.967	       1	       1
       737	   873.173	   468.576	       1	       1
       433	   853.793	    67.027	       1	       1
       647	   796.316	   359.119	       1	       1
        53	   504.733	   240.045	       1	       1
       470	   820.747	   181.669	       1	       1
       892	   486.284	   882.662	       1	       1
       816	   847.719	   313.215	       1	       1
       613	   750.862	   226.220	       1	       1
       634	   427.643	   938.529	       1	       1
       263	   125.319	   112.581	       1	       1
       847	   474.654	   855.819	       1	       1
       748	    79.138	   928.708	       1	       1
       427	   888.156	   556.075	       1	       1
       181	    52.957	   202.363	       1	       1
       420	   839.046	   159.752	       1	       1
       706	   366.512	   384.077	       1	       1
       975	   922.317	   975.401	       1	       1
       595	   810.765	   502.989	       1	       1
       318	   879.357	   591.450	       1	       1
       611	   150.184	   508.903	       1	       1
       549	   858.762	   272.861	       1	       1
        53	   799.128	   655.339	       1	       1
        11	   611.540	   515.924	       1	       1
       348	   846.907	   620.604	       1	       1
       137	   810.181	   232.585	       1	       1
       616	   112.778	   591.719	       1	       1
       420	   411.084	   345.142	       1	       1
       862	   883.795	   128.747	       1	       1
       552	   956.684	   302.173	       1	       1
       881	   474.168	   747.156	       1	       1
        74	   267.912	   115.270	       1	       1
       160	   837.249	   139.815	       1	       1
       620	   947.571	   333.846	       1	       1
       830	   192.349	   213.174	       1	       1
       653	   105.189	   799.250	       1	       1
        80	    96.268	   384.941	       1	       1
       662	   436.896	   768.458	       1	       1
       305	   109.961	   618.505	       1	       1
       240	   571.274	   491.843	       1	       1
        93	   325.464	    81.371	       1	       1
       761	   104.100	   981.734	       1	       1
       186	   636.677	   243.313	       1	       1
       327	   677.059	   981.016	       1	       1
       464	   589.997	    24.292	       1	       1
       791	   403.023	   198.214	       1	       1
       174	   967.264	   965.901	       1	       1
       289	   201.434	   699.507	       1	       1
       416	   504.989	   239.586	       1	       1
       460	   276.423	   284.152	       1	       1
       644	   828.290	   745.238	       1	       1
       486	   243.538	   260.519	       1	       1
       259	    47.570	   630.946	       1	       1
       500	   141.115	   234.106	       1	       1
       361	    82.199	   978.855	       1	       1
       575	   335.551	   117.195	       1	       1
       915	   421.406	   497.382	       1	       1
       691	   705.305	   911.968	       1	       1
       451	   129.384	   258.752	       1	       1
       866	   780.924	   697.981	       1	       1
       375	   261.559	   682.673	       1	       1
       768	   122.429	   937.548	       1	       1
       743	   980.042	   394.129	       1	       1
       766	   499.203	   272.573	       1	       1
       726	   224.212	   252.369	       1	       1
       860	   282.313	   334.900	       1	       1
       372	   981.992	   802.467	       1	       1
       917	   782.339	   628.441	       1	       1
       115	     6.607	   398.573	       1	       1
        46	     9.273	   201.090	       1	       1
       122	   514.514	   652.472	       1	       1
       154	   397.832	    57.168	       1	       1
       168	   199.675	   547.131	       1	       1
       125	   450.026	   329.979	       1	       1
       628	   116.076	   600.780	       1	       1
       222	   177.306	   628.339	       1	       1
       963	   669.736	   895.283	       1	       1
       813	   689.406	   898.130	       1	       1
       435	   242.512	   632.315	       1	       1
       347	   342.127	   643.345	       1	       1
       780	   809.564	   876.001	       1	       1
       223	   806.592	   807.597	       1	       1
       103	   550.979	   567.621	       1	       1
       174	   290.738	   771.892	       1	       1
       631	   981.390	   458.340	       1	       1
       312	   423.094	   292.220	       1	       1
       858	   700.061	   715.159	       1	       1
       805	   867.988	   392.403	       1	       1
       338	   972.268	   134.297	       1	       1
       550	   199.411	   759.332	       1	       1
       652	   110.286	   696.081	       1	       1
       749	   487.126	   445.864	       1	       1
       407	   562.050	    56.995	       1	       1
       435	     0.589	   921.641	       1	       1
       899	   565.125	   672.498	       1	       1
       302	   133.773	   213.247	       1	       1
       750	   289.887	   495.865	       1	       1
       178	   980.895	     3.453	       1	       1
        28	   887.493	   871.868	       1	       1
       235	   943.091	   697.063	       1	       1
       944	    58.137	    73.793	       1	       1
       329	   599.987	   691.546	       1	       1
       509	    70.685	   982.534	       1	       1
       568	   354.935	   141.744	       1	       1
       370	   722.448	    94.323	       1	       1
       227	    76.527	   933.395	       1	       1
       122	   429.816	   688.134	       1	       1
       521	   379.116	   844.147	       1	       1
       367	   415.930	   860.209	       1	       1
       524	   619.116	   910.055	       1	       1
       108	   642.831	   980.200	       1	       1
       806	   360.942	   758.092	       1	       1
       728	   888.396	   574.053	       1	       1
       725	   264.154	   563.231	       1	       1
       452	    64.193	   369.576	       1	       1
       692	   142.168	   359.616	       1	       1
       804	   275.837	   922.309	       1	       1
       242	   572.087	   517.762	       1	       1
       927	   249.483	   520.963	       1	       1
       580	   183.761	   491.116	       1	       1
       905	   949.072	   472.564	       1	       1
       410	   952.347	   937.215	       1	       1
       998	   107.123	   322.044	       1	       1
       559	   629.883	   956.916	       1	       1
       247	   267.595	   101.647	       1	       1
       498	    75.623	   907.445	       1	       1
       244	   314.096	   114.112	       1	       1
       789	   659.667	    16.186	       1	       1
       928	    86.968	   556.612	       1	       1
       528	   567.401	   795.322	       1	       1
       106	   515.294	   294.028	       1	       1
       664	   283.744	   141.843	       1	       1
       110	   418.412	   345.063	       1	       1
       353	   502.573	   980.405	       1	       1
       213	   552.711	   631.328	       1	       1
       941	   395.849	   256.896	       1	       1
       713	   707.805	   832.128	       1	       1
       389	   871.361	   921.950	       1	       1
       554	   686.625	   363.452	       1	       1
       632	   939.200	   351.465	       1	       1
       869	     8.124	   663.067	       1	       1
       699	   363.740	   791.630	       1	       1
       900	   657.523	   299.956	       1	       1
       138	   453.272	   238.817	       1	       1
       672	   769.096	   770.307	       1	       1
       107	   975.339	   132.612	       1	       1
       464	   338.841	   218.546	       1	       1
       686	   908.509	   466.537	       1	       1
       924	   589.315	   491.875	       1	       1
       805	   489.048	   781.561	       1	       1
       678	    23.370	   449.424	       1	       1
       495	   332.129	   172.523	       1	       1
       574	   633.490	   481.291	       1	       1
       624	   673.414	   151.676	       1	       1
       508	   628.201	   152.301	       1	       1
       744	   463.466	   401.415	       1	       1
       387	   156.275	   197.195	       1	       1
       828	    47.912	   553.715	       1	       1
       824	   501.252	   214.603	       1	       1
       529	   661.734	   399.834	       1	       1
       479	   711.355	   378.537	       1	       1
       282	   687.520	   172.766	       1	       1
       753	   573.646	   440.365	       1	       1
       679	   624.237	   594.940	       1	       1
       917	   209.384	   356.310	       1	       1
       455	   156.337	   685.136	       1	       1
       792	    27.721	   897.585	       1	       1
       370	   175.714	   562.038	       1	       1
       552	   974.876	   598.497	       1	       1
       146	   265.282	   701.221	       1	       1
       178	   109.977	   928.225	       1	       1
       954	   711.258	    28.990	       1	       1
       168	   535.261	   536.118	       1	       1
       417	   784.192	     6.083	       1	       1
       460	   419.625	   206.592	       1	       1
       742	   773.089	   740.233	       1	       1
       714	   104.730	   939.756	       1	       1
       753	   760.038	    64.448	       1	       1
       150	   505.968	   387.371	       1	       1
       667	   313.654	   773.283	       1	       1
       772	   912.880	   996.219	       1	       1
       427	   424.982	   440.099	       1	       1
       532	   762.189	   742.052	       1	       1
        38	   628.384	   374.784	       1	       1
       981	   739.264	   329.502	       1	       1
       911	   823.002	   164.956	       1	       1
       859	   283.794	   317.985	       1	       1
       655	   973.974	   324.883	       1	       1
       899	   431.977	   370.775	       1	       1
        52	   116.698	   924.278	       1	       1
       608	   219.891	   907.055	       1	       1
       958	   216.455	   455.296	       1	       1
       835	   384.596	   265.958	       1	       1
       322	   931.902	   726.641	       1	       1
       600	   289.673	   185.761	       1	       1
       865	   285.178	   522.117	       1	       1
       383	   492.361	   303.161	       1	       1
       731	    66.699	     4.786	       1	       1
       916	   596.993	   695.015	       1	       1
       722	   796.458	   232.474	       1	       1
       826	     4.104	   177.908	       1	       1
       511	    34.540	   299.877	       1	       1
       797	   683.400	   843.805	       1	       1
       406	   697.623	   454.708	       1	       1
       163	   856.930	   408.330	       1	       1
       343	   420.504	   125.256	       1	       1
       794	   178.065	   245.170	       1	       1
       270	   838.066	   357.209	       1	       1
       994	    27.818	   881.166	       1	       1
       896	   100.292	   995.714	       1	       1
       677	   852.541	    58.567	       1	       1
       956	   702.852	   130.580	       1	       1
       846	   481.449	   949.757	       1	       1
       653	   394.266	   440.009	       1	       1
       708	   886.776	   818.503	       1	       1
       534	   447.222	   952.899	       1	       1
       140	   332.246	   736.750	       1	       1
       854	   576.456	   602.226	       1	       1
       362	   233.596	   821.423	       1	       1
       874	   739.740	    34.719	       1	       1
       327	   543.689	   845.488	       1	       1
       409	   731.437	   628.532	       1	       1
       366	   602.279	   282.924	       1	       1
       516	   994.822	   237.594	       1	       1
       852	   221.667	   825.451	       1	       1
       918	   774.740	    42.526	       1	       1
       924	   901.609	   983.584	       1	       1
       168	   215.363	   376.086	       1	       1
       965	   595.704	   905.811	       1	       1
       655	   361.323	   602.212	       1	       1
       154	   915.302	   912.206	       1	       1
       873	   810.293	   164.436	       1	       1
       618	   934.159	   667.410	       1	       1
       966	   500.037	   576.295	       1	       1
       437	   293.004	   174.991	       1	       1
       758	   905.736	    46.935	       1	       1
       297	   367.601	   478.753	       1	       1
       757	   407.425	   835.393	       1	       1
       621	   144.289	   108.232	       1	       1
       310	   885.650	   186.622	       1	       1
       802	   665.384	   985.538	       1	       1
       968	   183.679	   582.960	       1	       1
       857	   584.050	    49.922	       1	       1
       543	   451.936	   952.584	       1	       1
       925	   937.202	    52.114	       1	       1
       855	   421.833	   740.231	       1	       1
       555	   438.539	   997.241	       1	       1
        14	   801.388	   341.618	       1	       1
       561	    15.728	   963.598	       1	       1
       134	   814.827	   321.553	       1	       1
        77	   946.633	   845.795	       1	       1
       172	   399.343	   310.881	       1	       1
       172	   908.381	   510.299	       1	       1
        52	    95.393	   357.877	       1	       1
       856	   545.744	   948.961	       1	       1
       732	   449.326	   116.180	       1	       1
       880	   607.551	   146.754	       1	       1
        48	   542.902	   673.353	       1	       1
       388	   692.072	   274.042	       1	       1
       698	   767.433	   726.254	       1	       1
       132	   372.045	   111.221	       1	       1
       731	   358.635	   895.459	       1	       1
       520	   560.150	   719.231	       1	       1
       783	   978.424	    57.202	       1	       1
       516	   468.966	    93.780	       1	       1
       240	   133.405	   101.897	       1	       1
       229	   968.443	   535.753	       1	       1
       511	   188.647	   789.401	       1	       1
       402	   592.657	   191.738	       1	       1
       306	   769.621	   331.760	       1	       1
       207	   419.255	   804.151	       1	       1
       527	   860.250	   742.260	       1	       1
        17	   492.235	   401.867	       1	       1
       472	   481.535	   764.956	       1	       1
       815	   201.684	   837.589	       1	       1
       883	   642.861	   334.281	       1	       1
       344	   125.066	    98.516	       1	       1
       555	   784.726	   185.479	       1	       1
       549	   321.274	   266.626	       1	       1
       701	   268.503	   320.151	       1	       1
        87	   164.909	   148.868	       1	       1
        40	   891.836	    43.678	       1	       1
       949	   967.635	   818.231	       1	       1
       184	    85.671	   760.403	       1	       1
        19	   256.432	   651.360	       1	       1
       845	   360.758	    79.463	       1	       1
       781	   643.577	   263.038	       1	       1
       973	   277.986	   763.434	       1	       1
       832	   334.087	   823.731	       1	       1
       363	   493.833	   244.257	       1	       1
       969	   269.654	    40.431	       1	       1
       237	   485.966	   866.796	       1	       1
       602	   543.139	   236.937	       1	       1
       294	     5.094	   380.364	       1	       1
       687	   342.602	   590.806	       1	       1
       458	   289.147	    56.897	       1	       1
       431	   161.110	   596.996	       1	       1
       999	   201.083	   766.200	       1	       1
       412	   665.198	    52.038	       1	       1
       344	   861.596	   597.767	       1	       1
       369	   833.676	   749.142	       1	       1
       464	   356.240	    20.501	       1	       1
       998	   505.150	   422.598	       1	       1
        62	   402.748	   255.745	       1	       1
       404	   854.438	   344.426	       1	       1
       938	   965.905	   425.844	       1	       1
       824	   730.895	   586.439	       1	       1
        73	   614.601	   906.890	       1	       1
       645	   396.064	   703.093	       1	       1
       743	   269.695	   816.719	       1	       1
       668	   558.832	   876.849	       1	       1
       942	   722.481	   702.258	       1	       1
       167	   977.109	   658.457	       1	       1
       514	   690.970	   354.707	       1	       1
        49	   309.313	   301.162	       1	       1
       806	   173.766	   169.520	       1	       1
       576	   124.262	   856.792	       1	       1
        39	   920.683	   775.475	       1	       1
       193	   916.352	    73.788	       1	       1
       369	   925.379	   482.612	       1	       1
       356	    62.755	   908.435	       1	       1
       933	   114.677	   721.066	       1	       1
       966	    13.448	   183.115	       1	       1
       884	   937.719	   373.431	       1	       1
       406	   989.964	   776.882	       1	       1
       155	   981.998	   119.760	       1	       1
        81	   584.995	   178.138	       1	       1
       613	    91.702	   299.327	       1	       1
       913	   318.550	   714.088	       1	       1
       390	   146.180	   717.242	       1	       1
       477	   620.774	   887.210	       1	       1
       194	   949.845	    97.046	       1	       1
       573	   660.961	   536.426	       1	       1
       938	   500.221	   111.814	       1	       1
       726	   344.814	   726.600	       1	       1
       584	   503.870	   696.524	       1	       1
       112	   632.200	   253.383	       1	       1
       189	   396.585	   523.454	       1	       1
       618	   924.608	   827.539	       1	       1
       552	   845.589	   742.553	       1	       1
       160	   530.862	   401.748	       1	       1
       271	   840.514	   895.902	       1	       1
       485	    97.623	   266.100	       1	       1
       105	   741.840	   431.184	       1	       1
       371	   191.426	   327.359	       1	       1
       416	   402.084	   666.229	       1	       1
       726	   205.596	   999.211	       1	       1
       126	   318.218	   903.372	       1	       1
       375	    68.504	   228.820	       1	       1
        32	   353.148	   931.026	       1	       1
       412	   965.809	   959.669	       1	       1
       231	     4.045	   576.991	       1	       1
       295	   701.712	   771.151	       1	       1
        28	   339.001	   956.271	       1	       1
        62	   330.174	   213.224	       1	       1
       132	   644.005	   306.292	       1	       1
       553	   884.097	   790.617	       1	       1
       315	   141.051	   718.030	       1	       1
       748	   893.876	    49.194	       1	       1
       477	   727.236	   432.263	       1	       1
       387	   439.905	   869.229	       1	       1
       743	   932.409	   829.759	       1	       1
       183	   814.807	   928.809	       1	       1
       757	   367.257	   834.048	       1	       1
       957	    93.098	   888.679	       1	       1
       352	   414.153	   853.421	       1	       1
       793	   765.158	   187.978	       1	       1
       209	   198.219	   530.651	       1	       1
       698	   626.354	   415.737	       1	       1
       422	   334.587	   633.021	       1	       1
       733	   853.122	   446.687	       1	       1
       805	   885.525	   353.198	       1	       1
       821	   181.401	   470.084	       1	       1
       157	   477.810	   823.056	       1	       1
       601	   208.879	   562.644	       1	       1
       848	    52.994	   907.839	       1	       1
       354	   556.400	   167.105	       1	       1
       224	   164.169	   765.817	       1	       1
       533	   164.692	   262.948	       1	       1
       239	   378.546	   386.973	       1	       1
       459	   941.978	   178.224	       1	       1
       615	   405.732	   867.927	       1	       1
       281	   420.113	   844.872	       1	       1
       701	   828.591	   145.514	       1	       1
       864	    75.623	   430.887	       1	       1
       567	   314.055	   847.757	       1	       1
       381	    33.659	   152.015	       1	       1
       457	   482.108	   484.181	       1	       1
       948	   398.843	   464.217	       1	       1
       672	   680.178	   452.172	       1	       1
       119	   174.822	   905.452	       1	       1
       625	   472.051	   843.196	       1	       1
       476	   890.457	   168.291	       1	       1
       178	   811.468	   519.765	       1	       1
       694	   672.722	   680.848	       1	       1
       922	   512.896	   923.809	       1	       1
       283	   959.983	   895.265	       1	       1
       885	   516.363	   405.986	       1	       1
       610	   642.790	   292.902	       1	       1
       240	   552.043	   557.870	       1	       1
       906	   111.141	   333.990	       1	       1
       250	   850.188	   755.826	       1	       1
       363	   264.490	   650.741	       1	       1
        92	   952.747	   192.103	       1	       1
       897	   152.327	   307.061	       1	       1
       977	   677.018	   526.416	       1	       1
       510	   336.087	   808.877	       1	       1
        24	   630.067	    64.587	       1	       1
       686	   233.357	    56.329	       1	       1
        36	     6.128	    52.726	       1	       1
       938	   753.324	   344.637	       1	       1
       907	   923.370	   225.146	       1	       1
       954	   971.846	   227.045	       1	       1
       354	   597.557	   438.450	       1	       1
       511	   690.291	   702.857	       1	       1
        32	   874.498	   444.456	       1	       1
       812	   743.766	    75.237	       1	       1
       872	   166.072	   101.128	       1	       1
       543	   741.936	   385.331	       1	       1
       206	   406.053	   484.672	       1	       1
       973	   728.876	   592.076	       1	       1
       698	   868.040	   721.762	       1	       1
       128	   541.081	   118.704	       1	       1
       156	   798.150	   139.532	       1	       1
       363	   466.716	   421.326	       1	       1
       661	   948.939	   750.546	       1	       1
       661	   688.943	   491.727	       1	       1
       387	   728.708	   852.388	       1	       1
       446	   414.960	    24.035	       1	       1
       854	   192.278	    90.370	       1	       1
       590	   667.838	   140.970	       1	       1
       183	   477.884	   966.848	       1	       1
       202	   875.138	   560.967	       1	       1
        99	   839.541	   351.345	       1	       1
       562	   582.397	   780.780	       1	       1
       785	    73.469	   490.743	       1	       1
       785	   651.541	   727.449	       1	       1
       256	   640.005	   523.099	       1	       1
       299	   717.651	   741.906	       1	       1
       580	   384.170	   514.125	       1	       1
       273	   618.845	   439.548	       1	       1
       172	   375.461	   328.919	       1	       1
       142	   819.592	    86.816	       1	       1
       399	   349.813	   957.147	       1	       1
       967	   447.773	   218.923	       1	       1
       128	   552.313	   268.378	       1	       1
       881	   341.949	   999.922	       1	       1
       188	   769.699	   671.662	       1	       1
       598	   571.389	   881.541	       1	       1
       439	   266.249	   109.557	       1	       1
       264	   946.407	    18.232	       1	       1
       362	     7.940	   260.838	       1	       1
       927	   620.615	   778.281	       1	       1
       124	   285.585	   283.350	       1	       1
       391	    38.130	   518.690	       1	       1
       102	   651.262	   908.551	       1	       1
       337	   833.514	   769.071	       1	       1
       742	   652.219	   892.642	       1	       1
       761	   896.162	   170.863	       1	       1
       675	   300.183	   608.653	       1	       1
       499	    92.336	   336.978	       1	       1
       257	   541.115	   323.402	       1	       1
       875	   837.529	     1.120	       1	       1
        11	   637.462	    66.339	       1	       1
       279	   139.583	   369.308	       1	       1
       126	   323.617	   706.989	       1	       1
        48	   784.836	   177.003	       1	       1
       223	   996.910	   887.580	       1	       1
       421	   993.470	   851.266	       1	       1
       688	   932.461	   500.592	       1	       1
       990	   947.563	   798.629	       1	       1
       171	   446.382	   375.875	       1	       1
       779	   393.625	   694.630	       1	       1
       425	   487.781	   918.041	       1	       1
       255	    56.050	   231.213	       1	       1
       123	   232.098	   305.643	       1	       1
       636	   852.184	   530.576	       1	       1
       304	   618.413	   770.540	       1	       1
        38	   647.788	   340.626	       1	       1
       725	   541.199	   260.288	       1	       1
       636	   579.241	   459.992	       1	       1
       877	   272.298	   993.416	       1	       1
        41	   493.350	   576.866	       1	       1
       189	    10.746	   595.402	       1	       1
        76	   462.825	   418.280	       1	       1
       845	   532.491	   293.716	       1	       1
       938	   825.876	   167.642	       1	       1
       852	    95.327	   434.743	       1	       1
       938	   385.143	   176.547	       1	       1
       783	   271.620	   878.579	       1	       1
        10	   240.135	   948.298	       1	       1
       943	   969.947	   376.757	       1	       1
       376	   423.933	   171.576	       1	       1
       850	   312.406	   552.081	       1	       1
       437	   363.784	   740.445	       1	       1
       374	   629.682	   281.493	       1	       1
       802	   558.140	   580.966	       1	       1
       154	   172.219	    26.240	       1	       1
       391	   690.400	   364.072	       1	       1
       874	   843.699	   462.661	       1	       1
       234	   165.255	   608.642	       1	       1
       307	   622.440	    56.866	       1	       1
       162	   954.767	   302.680	       1	       1
       287	   151.469	   825.009	       1	       1
       933	   666.596	   829.714	       1	       1
        56	   358.323	   159.500	       1	       1
       301	   855.958	   945.155	       1	       1
       328	   207.081	   722.453	       1	       1
        78	   814.098	   556.024	       1	       1
       328	   922.567	   818.069	       1	       1
       903	   367.040	    41.728	       1	       1
       554	   515.320	   335.178	       1	       1
       259	    45.114	   753.621	       1	       1
        55	    11.891	   921.586	       1	       1
       866	   892.387	   521.163	       1	       1
       368	   436.937	     6.809	       1	       1
       381	   947.162	   721.772	       1	       1
       948	   535.231	   922.966	       1	       1
        67	   553.048	   839.340	       1	       1
       675	   522.636	   275.517	       1	       1
       810	   369.877	    10.569	       1	       1
       370	   533.532	   425.371	       1	       1
        43	   854.367	   676.971	       1	       1
       512	   881.260	   464.067	       1	       1
       656	   963.449	   835.859	       1	       1
       203	   605.327	   979.068	       1	       1
       317	   747.137	   868.176	       1	       1
       553	   783.161	   328.164	       1	       1
       401	   250.211	   510.842	       1	       1
       261	   853.484	   364.327	       1	       1
       151	   945.831	   395.427	       1	       1
       137	   541.258	   777.041	       1	       1
       397	   928.579	   545.689	       1	       1
       422	   519.199	   314.464	       1	       1
       665	   240.145	   904.186	       1	       1
       807	   385.910	   404.772	       1	       1
       588	   311.033	   808.863	       1	       1
       761	   487.444	   581.053	       1	       1
        71	   870.256	   995.512	       1	       1
       733	   290.413	   441.992	       1	       1
       106	   739.327	   504.212	       1	       1
       580	   995.986	   174.836	       1	       1
       988	   513.660	   523.121	       1	       1
       754	   953.688	   601.940	       1	       1
       516	   198.189	   681.791	       1	       1
       940	   416.902	   424.586	       1	       1
       808	   374.462	   282.356	       1	       1
       195	   961.890	   138.068	       1	       1
       106	   902.685	   949.495	       1	       1
       955	   603.098	   322.014	       1	       1
       518	   431.019	    23.860	       1	       1
       824	   630.266	   132.138	       1	       1
       349	   479.848	   141.328	       1	       1
       819	   410.703	   252.450	       1	       1
       286	   223.998	   454.840	       1	       1
       514	   723.057	   955.003	       1	       1
        50	   596.287	   497.751	       1	       1
       898	   608.689	    71.101	       1	       1
       520	   384.515	   239.866	       1	       1
       120	   234.968	   459.267	       1	       1
       444	   387.568	   795.988	       1	       1
       512	   970.931	   282.300	       1	       1
       142	   483.592	   402.759	       1	       1
       275	   411.935	   150.874	       1	       1
       134	   562.341	   270.592	       1	       1
       394	   843.867	   719.678	       1	       1
       228	   217.130	   130.908	       1	       1
       415	   495.631	   491.948	       1	       1
       517	   297.404	   849.164	       1	       1
        84	   729.098	   749.566	       1	       1
       159	   806.281	   820.499	       1	       1
       256	   481.092	   432.536	       1	       1
       427	   339.826	   985.251	       1	       1
       897	   516.898	   377.248	       1	       1
       176	    73.683	   863.399	       1	       1
       815	   356.447	   414.448	       1	       1
       565	   712.042	   907.738	       1	       1
       113	   188.752	   881.095	       1	       1
       555	   515.897	   267.057	       1	       1
       105	   108.944	   790.553	       1	       1
       435	   164.300	   976.421	       1	       1
       209	   250.707	   888.332	       1	       1
        79	   475.795	   303.667	       1	       1
       720	   473.108	   841.368	       1	       1
        33	   168.963	   284.325	       1	       1
       736	    11.189	   484.565	       1	       1
       116	   334.543	    71.508	       1	       1
        49	   660.902	   131.240	       1	       1
        41	   156.202	   854.030	       1	       1
       303	   679.616	   739.680	       1	       1
        48	   106.227	   425.328	       1	       1
       194	   911.336	   816.331	       1	       1
       865	   753.362	   446.634	       1	       1
       934	   928.751	   516.977	       1	       1
       430	   978.264	    29.409	       1	       1
       588	   645.587	   737.264	       1	       1
       788	   325.914	   795.817	       1	       1
       478	   198.861	   826.877	       1	       1
       906	   972.868	   258.662	       1	       1
        26	   477.555	   883.208	       1	       1
       808	   572.123	   495.175	       1	       1
       909	   704.871	   669.876	       1	       1
       518	   724.279	   728.228	       1	       1
       984	    39.911	   163.362	       1	       1
       886	   227.406	    22.301	       1	       1
       709	    30.724	   643.937	       1	       1
       575	   107.026	   250.605	       1	       1
       131	   825.528	   699.688	       1	       1
       762	    18.007	   919.322	       1	       1
       253	   573.074	   780.505	       1	       1
       896	   956.520	   398.145	       1	       1
       975	   794.734	   230.557	       1	       1
       827	    76.726	   482.080	       1	       1
       468	   967.016	   203.093	       1	       1
       885	   712.773	    17.639	       1	       1
       696	   652.521	   271.510	       1	       1
       165	   332.038	   986.657	       1	       1
       683	   953.525	   222.549	       1	       1
       850	   163.647	   790.474	       1	       1
       590	   632.159	   897.521	       1	       1
       561	   832.931	   120.323	       1	       1
       938	   359.049	   514.225	       1	       1
       875	   377.031	   320.899	       1	       1
       913	   910.291	    61.323	       1	       1
       555	   299.890	   672.510	       1	       1
       968	   801.556	   833.046	       1	       1
       792	   756.888	   626.515	       1	       1
        87	   628.658	    52.297	       1	       1
       949	   279.640	    32.053	       1	       1
        71	   878.123	   376.062	       1	       1
       863	   242.994	   248.524	       1	       1
       558	   493.277	   563.344	       1	       1
       790	   121.104	   812.140	       1	       1
       516	   190.876	   339.011	       1	       1
       447	   365.411	   424.746	       1	       1
       896	   535.522	   453.651	       1	       1
       292	   379.525	   314.077	       1	       1
       860	   211.770	   197.158	       1	       1
       772	   873.120	   582.090	       1	       1
       905	   902.311	   949.031	       1	       1
       493	   817.320	    54.130	       1	       1
       534	   645.938	    13.339	       1	       1
       755	   405.645	   734.740	       1	       1
       877	   245.087	   287.536	       1	       1
       291	   682.315	   387.601	       1	       1
       751	   706.924	   918.685	       1	       1
       395	    68.679	   489.552	       1	       1
       502	   479.316	   394.788	       1	       1
       691	   565.157	   393.107	       1	       1
       629	   781.353	   166.088	       1	       1
       577	   948.700	   390.044	       1	       1
       577	   238.628	   116.870	       1	       1
       458	   958.488	   507.563	       1	       1
       665	   375.098	   539.484	       1	       1
       486	   253.788	   540.860	       1	       1
       306	   237.689	   843.936	       1	       1
       326	   453.273	   620.940	       1	       1
       592	   115.912	   865.562	       1	       1
       443	   432.047	   171.701	       1	       1
       188	    55.984	   320.143	       1	       1
       682	   561.056	   199.436	       1	       1
       228	   667.563	   571.474	       1	       1
       286	   116.971	   841.436	       1	       1
       318	    23.496	   126.032	       1	       1
       560	   530.587	   651.793	       1	       1
       459	   377.143	   591.895	       1	       1
       730	   283.464	   993.917	       1	       1
       963	   391.901	     1.041	       1	       1
       830	   393.573	   909.597	       1	       1
        99	   528.843	   436.482	       1	       1
       797	   113.213	   968.761	       1	       1
       586	   155.901	   249.858	       1	       1
        52	   148.684	   999.697	       1	       1
       825	   365.999	   147.716	       1	       1
       927	   403.700	   800.146	       1	       1
       107	   109.730	   148.266	       1	       1
        11	   314.803	   817.085	       1	       1
        99	   317.095	   470.761	       1	       1
        48	     3.584	   858.805	       1	       1
       918	   403.359	   657.683	       1	       1
       890	   423.415	   487.232	       1	       1
        28	   832.078	   673.710	       1	       1
       983	   101.284	   155.602	       1	       1
       983	    77.654	   762.667	       1	       1
       482	   208.844	    64.298	       1	       1
       502	   839.229	   169.561	       1	       1
       484	   551.439	   802.981	       1	       1
       477	   848.709	   127.543	       1	       1
       305	   854.037	   624.510	       1	       1
       876	   114.296	   813.694	       1	       1
       137	   373.108	   990.529	       1	       1
       281	   271.373	   335.660	       1	       1
       303	   489.940	   503.435	       1	       1
       496	   309.767	   525.798	       1	       1
       174	   894.357	   582.509	       1	       1
       364	   526.817	   186.106	       1	       1
       137	   981.139	   839.010	       1	       1
       248	   805.208	   910.523	       1	       1
       779	   846.722	   327.175	       1	       1
        42	   793.065	   451.725	       1	       1
       680	   911.330	   171.214	       1	       1
        17	   580.494	   477.585	       1	       1
       122	   690.739	   723.664	       1	       1
        60	   669.112	    53.586	       1	       1
       700	   920.790	   578.277	       1	       1
       170	   383.734	    37.250	       1	       1
       821	   193.685	   310.822	       1	       1
       947	    77.116	    22.278	       1	       1
       719	   756.523	   224.971	       1	       1
        11	   564.065	   832.944	       1	       1
       619	   965.026	   790.518	       1	       1
       384	   641.150	   262.687	       1	       1
       189	   438.466	   340.513	       1	       1
       552	   572.820	   639.880	       1	       1
       604	   622.848	   621.840	       1	       1
       699	   493.383	   181.006	       1	       1
       347	   998.510	    49.482	       1	       1
       988	   934.560	   427.443	       1	       1
       745	   509.023	   383.478	       1	       1
       465	   714.718	   240.560	       1	       1
       775	   269.516	   736.316	       1	       1
       415	   551.574	   839.648	       1	       1
       540	   636.899	   554.091	       1	       1
       696	   539.738	    98.222	       1	       1
       182	   572.842	    37.067	       1	       1
       741	   821.770	    47.525	       1	       1
       147	   908.898	   141.281	       1	       1
       398	   580.155	   363.849	       1	       1
        87	   481.769	   748.808	       1	       1
       521	   751.256	   427.323	       1	       1
       841	   218.877	   929.253	       1	       1
       161	   330.778	   482.325	       1	       1
       105	   317.903	   495.349	       1	       1
       765	   632.888	   693.010	       1	       1
       197	    16.138	   619.013	       1	       1
       751	   997.628	   676.530	       1	       1
       647	   550.802	   544.739	       1	       1
        74	   172.267	   831.847	       1	       1
       988	   165.106	    55.971	       1	       1
       425	   228.521	   990.732	       1	       1
       651	   156.496	   663.767	       1	       1
        94	   875.059	   377.956	       1	       1
       984	   518.377	   210.541	       1	       1
       243	   322.357	   860.679	       1	       1
        78	   247.928	   713.382	       1	       1
        64	   521.059	   746.263	       1	       1
        35	   653.188	   667.133	       1	       1
       477	   891.293	   630.774	       1	       1
       421	   767.755	   581.600	       1	       1
       772	   368.928	   805.903	       1	       1
       578	   350.007	   235.282	       1	       1
       614	   427.529	   985.473	       1	       1
       786	    16.297	    81.398	       1	       1
       961	   220.819	   736.997	       1	       1
       887	   511.462	   204.363	       1	       1
       342	   788.310	   717.831	       1	       1
       184	   185.023	   493.521	       1	       1
       955	   545.828	   110.131	       1	       1
        21	   798.195	    29.364	       1	       1
       146	   326.101	   462.619	       1	       1
       455	   176.669	     9.099	       1	       1
       852	   543.956	   571.171	       1	       1
       161	   717.550	   593.147	       1	       1
       354	   252.148	    96.291	       1	       1
       227	   705.388	   786.849	       1	       1
       476	   295.237	   876.705	       1	       1
       220	   311.737	   799.849	       1	       1
        15	   650.163	   455.827	       1	       1
       889	   415.066	   644.590	       1	       1
       692	   823.561	   389.937	       1	       1
       824	   339.688	   928.818	       1	       1
       543	    25.339	   262.353	       1	       1
       957	   581.405	   268.786	       1	       1
       127	   660.552	    47.614	       1	       1
       595	   641.455	   407.706	       1	       1
       948	     4.637	   852.986	       1	       1
       919	   599.008	   260.175	       1	       1
       668	   433.643	   284.430	       1	       1
       161	    44.326	   175.637	       1	       1
       567	   695.287	   549.560	       1	       1
       489	   526.677	   291.875	       1	       1
       391	   353.419	   306.082	       1	       1
       574	   638.447	   597.563	       1	       1
       939	   825.697	    42.399	       1	       1
       704	   896.280	    88.531	       1	       1
       920	   645.145	   930.101	       1	       1
       963	   938.754	   505.365	       1	       1
       377	   821.412	   943.262	       1	       1
       455	   153.979	   102.364	       1	       1
       690	   111.901	    64.520	       1	       1
       763	   531.240	    62.916	       1	       1
       338	   769.837	   136.917	       1	       1
       971	   770.372	    85.403	       1	       1
       288	   163.606	   601.132	       1	       1
        12	   841.024	   960.031	       1	       1
       224	   627.930	   917.702	       1	       1
       267	   854.016	   288.292	       1	       1
        82	   855.225	   942.287	       1	       1
       317	   961.306	   644.308	       1	       1
       465	   154.182	   236.996	       1	       1
       890	    46.954	   540.678	       1	       1
       737	   520.372	   381.411	       1	       1
        87	   694.684	   822.815	       1	       1
       840	    26.200	   664.549	       1	       1
       570	   413.833	   751.384	       1	       1
       266	    63.844	    83.563	       1	       1
       564	   828.218	   477.560	       1	       1
       305	   520.687	    58.949	       1	       1
       525	   934.328	   235.416	       1	       1
       451	   123.643	   641.143	       1	       1
       821	   676.788	   269.236	       1	       1
       575	   252.108	   148.687	       1	       1
       949	   451.090	   617.138	       1	       1
       980	   740.784	    97.662	       1	       1
       876	   380.151	   595.479	       1	       1
       875	   660.543	   240.462	       1	       1
       853	   591.637	   165.689	       1	       1
       709	   289.918	   847.462	       1	       1
       332	   614.350	    88.195	       1	       1
       852	   524.434	   907.774	       1	       1
       613	    73.174	   680.870	       1	       1
       271	   886.637	   464.207	       1	       1
        36	   860.658	   884.099	       1	       1
       973	   825.253	   640.036	       1	       1
        41	   156.722	   695.490	       1	       1
       533	   984.170	   307.348	       1	       1
       397	   696.303	   162.060	       1	       1
       704	   560.647	   105.301	       1	       1
       139	   182.920	   901.830	       1	       1
        23	   938.085	   691.123	       1	       1
        69	   721.671	   375.508	       1	       1
       902	   209.634	   778.488	       1	       1
       450	   113.353	   775.479	       1	       1
       731	   358.469	   404.867	       1	       1
       146	   271.148	   984.369	       1	       1
        48	   908.152	   870.277	       1	       1
       398	   497.946	   553.378	       1	       1
       336	   970.009	   277.001	       1	       1
       854	   981.170	   170.815	       1	       1
       851	   319.852	   174.621	       1	       1
        15	    34.913	   647.778	       1	       1
       473	     3.447	   874.430	       1	       1
        94	   386.105	   120.520	       1	       1
       197	   317.130	    33.142	       1	       1
        41	   339.849	   669.587	       1	       1
       484	   232.991	   866.502	       1	       1
        17	   463.512	   945.570	       1	       1
       245	   733.222	   459.742	       1	       1
       332	   360.575	   136.429	       1	       1
       170	   903.222	   971.353	       1	       1
       952	   600.965	   911.799	       1	       1
       469	   110.013	   568.576	       1	       1
       860	   170.320	   273.062	       1	       1
       310	    56.810	   272.845	       1	       1
       842	   183.927	    99.442	       1	       1
       559	   445.049	   155.545	       1	       1
       185	   179.472	   112.271	       1	       1
       467	   792.299	   712.776	       1	       1
       484	   128.429	   707.458	       1	       1
       350	   418.982	   814.102	       1	       1
       793	   672.242	   133.467	       1	       1
       459	   795.177	   353.407	       1	       1
        62	   922.552	   559.725	       1	       1
       719	   633.702	   903.628	       1	       1
       972	   789.029	   456.017	       1	       1
       355	   308.212	   803.047	       1	       1
        38	    97.491	    54.999	       1	       1
       797	   880.083	   923.806	       1	       1
       795	   908.572	   805.381	       1	       1
       783	   591.358	   439.924	       1	       1
       247	   866.578	   592.366	       1	       1
       217	   656.857	   298.593	       1	       1
       404	   882.263	   133.714	       1	       1
       264	   239.511	    14.202	       1	       1
       423	   929.316	   753.214	       1	       1
       155	   572.731	   484.327	       1	       1
       219	   119.688	   537.164	       1	       1
       440	   621.229	   537.489	       1	       1
        17	   341.617	   731.479	       1	       1
        27	   889.133	   513.446	       1	       1
       764	   925.547	    32.411	       1	       1
        96	   927.995	   436.436	       1	       1
       327	   217.857	   279.479	       1	       1
       330	   682.970	   970.598	       1	       1
       529	   722.809	   373.565	       1	       1
       807	   305.539	    94.312	       1	       1
       705	   396.758	   221.262	       1	       1
       806	   262.280	    56.568	       1	       1
       894	   449.443	   848.451	       1	       1
       493	   540.277	   163.430	       1	       1
        53	    84.920	     3.442	       1	       1
       492	    56.376	   629.884	       1	       1
        65	   489.736	   871.032	       1	       1
       242	   529.125	   555.590	       1	       1
       271	   230.138	   921.130	       1	       1
       316	   356.556	   699.621	       1	       1
       870	   658.800	    38.350	       1	       1
       201	    37.639	   627.253	       1	       1
       702	   640.989	   517.693	       1	       1
       115	   972.986	   545.911	       1	       1
       940	   331.229	   810.377	       1	       1
       236	   382.197	   700.210	       1	       1
       989	   983.189	   940.369	       1	       1
       855	    27.956	   486.899	       1	       1
       175	   670.067	   545.643	       1	       1
       483	   626.311	    32.508	       1	       1
       960	    46.373	   572.324	       1	       1
       270	   627.730	   889.498	       1	       1
       821	   655.429	     2.582	       1	       1
       149	   255.998	    61.566	       1	       1
       551	   653.847	   498.142	       1	       1
       854	   355.578	   572.054	       1	       1
       483	   945.000	   315.135	       1	       1
       426	   275.729	   881.395	       1	       1
       700	   901.993	   501.028	       1	       1
       242	   583.393	   827.500	       1	       1
       701	   696.637	   580.948	       1	       1
       692	   998.734	     1.647	       1	       1
       417	   969.467	     2.955	       1	       1
       893	    79.667	   576.209	       1	       1
       135	   270.141	   738.454	       1	       1
       611	    15.777	   465.122	       1	       1
        53	   802.751	   625.384	       1	       1
       264	   932.302	   476.149	       1	       1
       380	   539.260	   132.871	       1	       1
       893	   685.108	   231.605	       1	       1
       626	   188.605	   977.479	       1	       1
       866	   948.104	   998.390	       1	       1
       105	   989.255	   798.823	       1	       1
       294	   241.059	    33.730	       1	       1
        74	   933.678	   980.507	       1	       1
       124	   991.840	   405.760	       1	       1
       224	    77.885	   398.849	       1	       1
       776	   522.839	    43.698	       1	       1
       836	   992.581	   276.476	       1	       1
       866	   813.449	   505.770	       1	       1
       649	   533.266	   248.592	       1	       1
       317	   436.292	   212.105	       1	       1
       928	   110.914	   891.696	       1	       1
        20	   922.109	    79.749	       1	       1
       885	   520.464	    98.517	       1	       1
       553	   200.529	   712.469	       1	       1
       510	   267.091	   804.272	       1	       1
        19	   254.984	    11.312	       1	       1
       113	   937.440	   460.173	       1	       1
       144	   240.184	   810.165	       1	       1
       680	   230.884	   107.732	       1	       1
       845	   961.453	    97.006	       1	       1
       668	   282.411	   612.793	       1	       1
       662	   225.893	   152.264	       1	       1
       339	   878.791	   746.815	       1	       1
        84	   402.361	    23.424	       1	       1
       357	   203.194	   877.468	       1	       1
       971	   406.439	   421.893	       1	       1
       223	   112.937	     4.323	       1	       1
       575	   669.955	   679.679	       1	       1
       180	   747.079	   596.220	       1	       1
       656	   124.083	   504.114	       1	       1
       403	   181.477	   930.813	       1	       1
       174	   959.405	   583.285	       1	       1
       481	   293.567	   419.855	       1	       1
       197	   365.245	   665.829	       1	       1
       786	   126.943	   745.655	       1	       1
       447	   628.787	   247.248	       1	       1
       993	   117.947	    97.102	       1	       1
       540	    24.877	   988.567	       1	       1
       116	   430.441	   890.184	       1	       1
        31	    91.214	   758.700	       1	       1
        77	   604.164	   813.352	       1	       1
       519	   540.428	   628.180	       1	       1
        24	   721.109	   767.830	       1	       1
        30	   967.908	   479.130	       1	       1
       390	   959.495	   435.509	       1	       1
       991	    19.617	    45.218	       1	       1
       275	   578.768	    97.282	       1	       1
       564	   969.785	   192.449	       1	       1
       972	   550.091	    30.804	       1	       1
       798	   455.308	    67.196	       1	       1
       373	   327.922	   730.624	       1	       1
       922	   676.387	   754.740	       1	       1
       836	   908.479	   776.023	       1	       1
        87	   357.141	   668.016	       1	       1
        52	   989.722	   153.660	       1	       1
       301	   293.528	   696.898	       1	       1
       853	   238.992	    13.376	       1	       1
       166	   407.595	   105.521	       1	       1
       756	   199.126	   254.481	       1	       1
        95	   848.013	    32.117	       1	       1
        44	   400.602	   229.035	       1	       1
       950	   573.067	   289.415	       1	       1
       244	   972.860	   394.939	       1	       1
       230	   181.588	    23.475	       1	       1
       732	   724.064	   376.842	       1	       1
       402	   718.095	   838.524	       1	       1
       808	   437.009	   533.442	       1	       1
       586	   153.883	   752.408	       1	       1
       727	   227.394	   518.886	       1	       1
       284	   326.664	   120.143	       1	       1
       176	   965.601	   891.448	       1	       1
       254	   951.084	   274.196	       1	       1
       917	    20.347	   267.720	       1	       1
       962	   691.063	   831.701	       1	       1
       190	   577.906	   459.428	       1	       1
       733	   366.809	   930.431	       1	       1
       854	   540.308	   461.975	       1	       1
       974	   961.905	   608.369	       1	       1
       503	   645.408	   682.582	       1	       1
        35	   350.676	   754.872	       1	       1
       754	   613.105	   785.003	       1	       1
       365	   815.311	    61.651	       1	       1
       591	    78.899	   440.234	       1	       1
       553	   628.466	   454.560	       1	       1
        69	   645.473	   862.017	       1	       1
       328	   249.407	   548.622	       1	       1
        39	   146.811	   564.902	       1	       1
       332	   851.634	    21.844	       1	       1
       645	   665.075	   179.511	       1	       1
        42	    74.916	   256.540	       1	       1
       849	   339.262	   281.082	       1	       1
       259	   852.948	   748.003	       1	       1
       966	   351.804	    36.978	       1	       1
       359	   216.131	   380.865	       1	       1
       210	   374.210	   548.870	       1	       1
       933	   235.410	   626.381	       1	       1
       875	   513.839	   468.073	       1	       1
       999	   552.747	   459.140	       1	       1
        78	   836.140	   683.067	       1	       1
       560	   278.989	   518.550	       1	       1
       326	   430.934	   295.359	       1	       1
       107	   972.407	   144.704	       1	       1
       512	   505.126	   895.568	       1	       1
       787	   745.664	   531.491	       1	       1
       845	    53.866	   362.092	       1	       1
       344	   111.657	   156.360	       1	       1
       841	   807.226	   678.931	       1	       1
       798	   791.177	   130.989	       1	       1
       429	   444.581	   429.712	       1	       1
       449	   956.731	   684.144	       1	       1
       765	   932.114	   848.587	       1	       1
       166	   435.432	   250.027	       1	       1
       695	    94.221	   972.377	       1	       1
       102	   901.445	   982.517	       1	       1
       450	   312.183	    21.709	       1	       1
       900	   207.040	    62.878	       1	       1
       829	   293.815	   630.171	       1	       1
       526	   678.331	   240.961	       1	       1
       729	   758.387	   357.254	       1	       1
       981	   389.312	   722.537	       1	       1
        41	   209.132	    45.547	       1	       1
       750	   429.440	   231.424	       1	       1
        86	   363.469	   944.250	       1	       1
       446	   932.161	   791.959	       1	       1
       260	   326.464	    88.220	       1	       1
       816	   242.711	   120.297	       1	       1
       605	   641.302	   261.090	       1	       1
       730	   310.224	   703.506	       1	       1
       889	   267.737	   754.910	       1	       1
       494	   678.964	   484.734	       1	       1
        84	   723.985	   951.572	       1	       1
       592	     2.543	   498.713	       1	       1
       932	   407.674	   635.447	       1	       1
       750	   273.768	   645.443	       1	       1
       195	   482.490	   637.586	       1	       1
       808	    39.938	   923.782	       1	       1
       109	   476.803	   510.005	       1	       1
       458	   735.390	   295.703	       1	       1
       816	   585.140	   332.783	       1	       1
       924	    53.247	   389.193	       1	       1
        51	    89.391	   173.810	       1	       1
       508	   707.291	   448.574	       1	       1
       873	   838.549	   161.283	       1	       1
       835	    52.222	   730.796	       1	       1
       698	   418.510	   795.893	       1	       1
       692	   141.072	   611.452	       1	       1
       379	   472.107	   662.347	       1	       1
       252	   332.300	   716.387	       1	       1
       958	   818.769	   121.595	       1	       1
       672	   806.052	   148.691	       1	       1
       586	   579.162	   270.900	       1	       1
       976	   742.187	     2.638	       1	       1
       199	   892.701	   339.401	       1	       1
       198	   836.369	   491.926	       1	       1
       375	   526.489	   863.298	       1	       1
       106	   518.648	   462.476	       1	       1
       165	   715.017	    25.741	       1	       1
   350.816	   725.188
   945.510	   107.070
   558.528	   479.741
   189.433	   391.311
    65.604	    65.119
   984.744	   319.686
   117.694	   364.192
   623.970	   805.883
   256.575	   282.814
   609.127	   230.574
   172.296	   335.058
   926.262	   450.781
   281.769	   379.577
   197.780	    10.384
   237.540	   482.510
   459.623	   172.255
   251.383	   566.842
   427.705	   447.005
   616.498	   771.552
    42.689	   570.132
   240.243	   549.575
   157.887	   687.120
   705.222	   503.718
   796.663	   733.747
   723.354	   681.801
   603.254	   471.703
   648.149	   152.303
    97.506	   530.000
   802.019	   671.652
   752.728	   519.969
   703.435	   666.675
   347.017	   118.957
   604.089	   699.843
   543.375	   538.496
   215.868	   531.494
   932.413	   598.656
    91.669	   770.228
   474.469	   727.703
   760.381	   260.519
   789.273	   285.421
   746.987	   255.936
   398.854	   771.607
    21.122	   498.639
   521.439	   496.065
    44.331	    81.813
   346.146	    21.457
    86.869	   242.048
   150.402	    56.142
   700.893	    70.996
   595.827	   298.763
   695.047	   332.962
   629.574	   393.337
   748.258	   704.750
   566.222	   342.465
   470.721	   823.055
   740.761	   678.149
   577.183	   494.859
   777.769	   331.768
   747.685	   585.141
   302.249	    96.652
   512.476	   134.541
   174.447	   792.819
   695.235	   948.476
   527.581	   826.813
   450.618	   164.940
   527.817	   471.947
    99.406	   363.664
   518.058	   568.731
    74.017	   768.350
   818.112	   743.230
   405.774	   444.734
   125.332	    21.026
   607.398	   352.869
   478.798	   642.227
   765.624	     1.878
   831.884	   478.323
   748.611	   727.757
   454.187	   306.545
   776.643	   306.636
   903.198	   607.759
   297.806	   860.352
   193.026	    53.410
    92.224	   633.883
   304.390	   315.209
   277.778	   562.808
   289.177	   324.348
   830.002	    37.594
   345.294	   459.726
   377.565	   508.685
   543.017	   497.746
    87.489	   963.192
   583.405	   851.089
   515.230	   444.437
   216.316	   386.729
    47.404	   148.243
   467.260	   111.211
   199.356	   166.692
    89.152	   472.165
   480.221	   619.815
   514.297	   671.520
   410.567	   456.625
   978.803	    45.438
   555.432	   351.294
   858.039	   164.733
   851.539	   293.942
   790.865	   881.072
   157.216	   873.430
   136.047	   774.142
    77.780	   651.194
   461.050	   230.667
   284.460	   807.183
   524.093	   677.954
    31.943	    64.607
    88.473	   968.276
    91.667	    49.735
   731.935	   240.647
   693.248	   597.324
   663.831	   851.059
    77.114	   330.210
   713.082	   169.699
   883.651	   684.545
   236.481	   685.367
   655.354	   631.097
   352.939	   985.822
   480.512	   185.555
   544.000	   724.811
   813.642	   417.890
   259.419	   537.896
   809.667	   423.653
   539.362	   546.441
   118.933	   570.262
   849.039	   705.990
   647.374	   472.554
    34.309	   103.467
   462.243	   485.910
   310.982	   961.527
   584.442	   746.774
   724.391	   272.167
   387.214	   485.235
   342.988	   146.663
   360.806	   906.726
   232.421	   402.513
   318.393	   807.816
   838.191	   502.163
   738.500	   274.494
   707.815	   369.285
   500.324	   645.222
   295.849	   359.560
   767.953	   139.180
   887.309	   938.057
   986.408	   708.137
   557.615	   814.987
   519.317	   463.162
   717.262	   805.239
   498.805	   567.570
   450.591	   728.961
   190.343	   778.361
   513.792	   188.028
   101.480	   787.204
   393.659	    48.050
   497.237	   824.479
   443.429	   226.749
   653.085	   496.649
   187.591	   375.978
   114.563	    23.612
   846.851	   904.957
   444.329	   743.996
     2.244	   478.950
   459.939	   746.671
   868.704	   736.741
   141.830	   635.788
   672.794	   600.369
   745.353	   524.356
   596.505	   298.478
   886.795	   172.932
   689.497	    66.949
   720.273	   959.031
   482.585	   523.338
   524.882	    37.268
   169.086	   939.359
   803.424	   990.475
   713.545	   934.397
   804.499	   995.752
   142.155	   317.473
   252.327	   504.447
   754.449	   779.321
   355.461	   920.938
   927.577	   730.423
    93.955	   909.817
   825.712	    63.198
   840.686	   412.377
   494.055	   128.561
   654.211	   409.951
   279.848	   248.136
   723.207	    76.354
   891.044	   590.847
   304.123	   558.995
   958.001	   193.583
   574.559	   300.204
    25.976	   525.692
   428.918	   913.232
   158.620	   550.090
   376.940	   959.270
   416.072	   897.914
   385.807	   601.714
   887.747	   786.964
   208.494	   890.661
   399.271	   995.173
   447.345	   783.516
   739.894	   292.916
   617.690	    99.451
   818.028	   890.459
   917.637	   728.629
   176.886	   244.274
   244.074	   896.793
   921.868	   418.045
   204.510	   762.125
   700.193	   121.434
   163.522	   297.072
    13.217	   397.267
   358.689	   593.576
   918.249	   721.996
   157.197	   163.366
   568.441	   739.392
   968.930	   813.872
   506.708	   866.989
   995.310	   113.938
   273.855	   660.666
   292.124	   819.257
   639.265	   541.697
   338.790	   477.232
   316.987	   336.996
   512.718	   511.911
   853.424	   287.547
   670.408	   161.175
   566.206	   875.871
   922.045	    10.254
   729.014	   811.424
   726.619	   945.657
   737.720	   320.683
   579.061	   498.629
   505.305	   660.787
   674.652	   802.391
   359.392	   603.846
   571.043	   824.598
   571.028	   307.176
    76.383	   479.127
    59.809	   677.793
   307.236	   951.114
   540.381	   321.182
   419.198	   516.274
     1.596	   933.304
   449.609	   945.173
   505.829	   984.103
   589.916	   723.605
   610.042	   866.404
   721.446	   522.903
   800.171	   518.285
   258.747	   992.106
   800.528	   552.982
   534.428	   649.374
   767.676	   977.894
   208.624	   236.918
   231.107	   956.085
   750.279	   530.936
    54.679	   770.345
   271.195	    81.240
   686.707	   125.382
   953.809	   343.834
   949.501	   855.101
   904.947	   354.294
    51.491	   202.936
   759.369	   244.592
    69.513	   909.275
   927.142	   997.471
   527.027	   771.726
   178.800	   899.363
   547.938	   312.001
    91.595	   967.877
   712.470	   392.429
    27.837	    68.431
   894.791	   802.249
   959.482	   285.662
   905.083	   850.430
   961.491	   567.863
   678.010	   947.086
   917.079	    16.965
   239.433	   121.649
   413.019	   923.588
   413.517	   214.234
    34.172	   379.615
    11.910	    35.282
    77.280	   956.093
   292.229	   803.751
   808.372	   762.914
   286.338	   226.511
   933.900	   361.832
    38.728	   892.117
   763.428	   281.774
   178.663	    24.832
   804.018	   207.282
   211.819	    26.134
    72.544	   325.931
   110.140	   502.310
   248.785	    79.053
   568.979	   184.461
   480.312	   763.605
   471.782	   548.459
   599.327	   291.160
   852.738	    82.234
   894.813	   138.773
   517.831	   220.914
   656.577	   657.497
   908.756	   649.978
   887.992	   521.167
   779.904	   838.554
   911.427	   595.434
   301.213	   379.502
   467.688	   136.735
   647.683	   264.679
   192.974	   714.819
   369.156	   207.992
   328.532	   991.008
   379.840	    75.694
    81.425	   769.782
   172.327	   197.506
   831.753	   806.927
   863.130	   434.180
   105.765	   911.022
   279.577	   110.693
    48.422	    95.124
   284.084	   220.318
   958.803	   289.278
   320.776	   274.954
   797.575	   852.524
   580.401	   291.978
   591.553	   210.124
   384.232	   563.178
   975.911	   595.556
   315.554	   705.864
   551.572	   470.313
   963.991	   154.157
   623.069	   181.947
   787.262	   902.153
   418.570	   820.132
   748.628	   693.784
   151.156	   996.476
   841.371	   609.061
   716.145	   940.655
   988.793	   281.910
   300.065	    27.473
   276.150	   872.277
   394.461	   719.187
   540.716	    99.890
   415.247	   952.793
   103.648	    96.143
    12.423	   156.167
   900.654	   425.174
   245.204	   484.443
   763.333	   120.118
   550.611	   432.369
   526.576	   349.032
   986.406	    56.808
   551.008	   866.217
   509.256	   564.106
   183.498	   314.386
   772.231	    26.031
   727.217	   915.299
   458.762	   657.598
   299.234	   978.644
   234.440	   235.692
    21.651	   744.983
   379.586	   838.303
   661.734	   859.995
   605.949	   890.982
    31.918	   413.261
    30.593	   910.576
   640.739	   556.096
   441.822	   246.050
   686.638	   929.119
   362.407	   456.837
   275.524	   196.296
   164.343	    27.993
   117.845	   830.108
   365.884	   859.859
   198.028	   232.759
   505.690	   717.899
   652.572	   585.264
   816.209	   306.716
   752.892	   888.974
   526.009	   399.250
   740.073	   812.771
   453.450	   544.138
   361.704	   145.989
   860.482	   585.116
   730.242	    31.028
   437.308	   507.036
   930.092	   959.332
    14.094	   161.976
   490.954	   861.722
   871.877	    11.555
   484.044	   742.880
   215.819	   982.562
   478.176	    71.990
   426.302	   139.329
   511.346	   272.620
    88.733	   156.586
   244.494	   731.236
   598.402	   978.082
   569.396	   982.864
   508.082	   447.600
    13.455	   844.385
   729.430	   363.860
   365.883	   263.623
   306.098	   122.846
    37.621	   971.728
   137.075	    50.750
   326.589	   896.045
   947.500	   947.820
   776.944	   120.737
   967.010	   525.226
   579.645	   452.746
   605.152	   522.330
   594.207	   220.501
   927.109	   926.364
   167.110	   465.404
   975.994	   860.455
   494.968	   938.027
    17.283	   495.482
   779.889	   971.928
   976.298	   128.120
   816.037	   420.945
   486.065	   574.825
   973.041	   860.485
   306.254	    31.775
    80.995	    56.755
   740.728	    93.765
   756.138	   759.557
   941.932	   531.474
   664.343	   946.433
   614.667	   836.902
   478.060	   126.198
   935.932	   285.907
   339.772	   443.417
   583.983	   306.985
   469.952	   376.875
   507.852	   219.107
   412.905	   128.203
   372.248	   558.291
   761.904	    69.524
   393.101	   694.275
   200.275	   937.925
   368.407	   533.127
    64.797	   905.170
   117.259	   457.031
    84.364	   268.184
   726.343	   923.903
   170.138	   464.136
   804.851	   520.667
   170.606	   785.997
   336.800	   868.687
   640.602	   757.385
   380.938	   381.808
   353.845	   807.208
   346.952	   509.196
   916.764	    73.535
   519.104	   848.775
   679.766	   534.174
   286.468	   435.051
   829.854	   149.644
   532.627	     4.963
   899.494	   984.651
   178.514	   603.482
     1.553	   561.118
   369.104	   979.048
   126.213	   705.088
    47.440	   609.597
   633.503	   404.554
   701.862	   908.305
   280.914	   629.652
   225.634	   114.992
   520.068	    58.132
   602.814	   972.726
   931.009	   232.136
    46.668	   634.025
   377.253	   339.246
   481.154	   707.082
   640.036	   548.353
   202.485	   281.181
   830.121	   170.472
   957.051	   439.249
   579.289	   485.929
   709.515	   591.785
    58.309	   873.715
   890.944	   245.132
   341.973	   116.994
   356.716	   854.357
   382.458	    93.407
   185.031	   431.342
   993.366	   115.593
    73.366	   349.241
   698.827	   628.265
   914.929	   192.808
   770.180	   780.519
   670.264	   167.712
   571.087	   452.809
   302.325	     1.350
   567.024	   615.938
   195.739	    12.462
   311.992	   114.799
   546.049	   623.215
   270.869	   845.182
   493.590	   900.341
   372.160	   868.694
   866.771	   730.551
   430.146	   415.984
   802.561	   661.425
   347.513	   778.149
   196.832	   438.058
    11.342	   996.701
   654.815	   427.513
   827.098	   395.796
   437.165	   114.037
    61.142	   968.772
   272.211	   627.586
   686.766	    88.866
   551.654	   139.791
   540.769	   775.324
   665.178	   682.824
   905.973	   802.939
   779.843	   636.117
   118.935	   404.198
   604.703	   789.036
   207.253	   254.472
   286.582	   918.916
   991.071	   796.831
    44.408	   405.889
   723.202	   839.624
    72.919	   835.082
   982.608	   798.427
   359.670	   482.086
   299.338	   313.930
     1.368	   749.430
   344.040	   867.059
   246.397	   425.629
   490.452	   349.930
   904.926	   680.360
   819.842	   945.040
   412.052	   979.411
   833.853	   981.704
