100	50	5	2000	
        47	   211.628	   568.100	       7
       245	   265.547	   203.293	       7
       918	   491.573	   252.326	       7
        82	    53.363	   743.826	       7
       777	   574.118	   195.429	       7
       915	   146.729	   581.359	       7
       725	   589.306	   970.020	       7
       655	   699.758	   846.829	       7
       857	   102.334	   239.848	       7
       970	   414.056	   493.770	       7
       154	   694.400	   619.956	       7
       139	   414.179	   828.981	       7
       982	    49.953	   156.791	       7
       593	   535.896	    18.576	       7
       759	   663.795	    70.022	       7
       518	   514.889	   486.345	       7
       400	   944.595	   606.329	       7
       291	   586.555	   568.851	       7
       188	   903.402	   317.362	       7
       286	   137.475	   988.616	       7
       264	   139.276	   579.745	       7
       367	   807.391	   380.141	       7
       924	   397.677	   550.948	       7
       478	   165.354	   745.334	       7
       917	   927.509	   669.233	       7
       262	   347.766	   264.920	       7
       500	   750.812	    66.335	       7
       678	   725.998	   370.084	       7
       935	   883.306	   629.718	       7
       408	   623.672	   210.174	       7
       572	   750.942	   752.756	       7
       590	   348.898	    66.536	       7
       225	   269.928	   260.315	       7
       993	   895.886	   804.755	       7
       763	   428.091	   193.434	       7
       513	   964.840	   639.461	       7
       488	   663.441	   524.670	       7
       874	   621.696	   924.808	       7
        96	   114.746	   263.297	       7
       151	   949.489	    65.961	       7
       403	   449.912	   735.066	       7
        17	   578.390	   772.178	       7
       329	   408.137	   907.816	       7
       839	   237.027	   931.972	       7
       544	   903.380	    13.952	       7
       323	   573.679	   234.362	       7
       523	     2.870	   616.778	       7
       906	   617.145	   949.016	       7
       326	   326.645	   950.176	       7
       219	   527.058	   556.653	       7
       274	   885.942	   915.606	       7
       738	   357.270	   641.566	       7
       663	   908.535	   390.008	       7
       637	   623.360	   485.991	       7
       441	    15.821	   604.310	       7
       643	   929.437	   549.548	       7
       466	   690.897	   926.181	       7
       552	   997.323	   918.733	       7
        81	   172.341	   394.876	       7
       397	   137.136	   963.263	       7
       464	   932.595	   173.956	       7
       927	   696.818	   126.330	       7
       571	    66.000	   135.079	       7
       323	   755.463	   505.662	       7
       525	   753.876	    21.525	       7
       974	   923.025	   947.970	       7
       802	   711.525	   827.115	       7
       507	   124.271	    15.019	       7
        53	    19.880	   176.196	       7
       598	    26.211	   332.064	       7
        36	    28.306	   130.997	       7
       830	   246.211	   809.491	       7
       346	   860.028	   344.737	       7
       631	   538.831	   940.107	       7
       893	   552.822	   582.014	       7
       307	   842.031	   878.832	       7
       476	   124.173	   844.734	       7
        25	   279.184	   905.392	       7
        74	   585.759	   459.880	       7
       206	   969.596	   546.347	       7
        35	   561.030	   798.604	       7
       377	    18.647	   285.719	       7
       748	   800.633	   490.254	       7
       481	   232.974	   599.110	       7
       913	   807.105	    15.533	       7
       292	   387.861	   593.481	       7
       675	   863.542	   433.676	       7
       626	   747.122	   807.361	       7
        32	   556.240	   315.245	       7
       787	   136.455	   892.889	       7
       717	    59.918	   577.857	       7
       136	   121.343	   184.010	       7
       289	    44.552	   787.929	       7
       391	   107.494	   612.031	       7
       366	   225.709	    53.909	       7
       165	   712.989	   420.194	       7
       943	   559.717	   679.069	       7
       323	    12.556	   918.602	       7
       605	    71.974	     0.402	       7
       176	   967.276	   976.759	       7
   376.580	   688.413
   973.784	   569.494
   604.716	   160.971
   828.846	   466.880
   574.712	   345.172
   628.076	   225.040
   285.576	   592.512
   586.833	   312.270
   750.022	   916.306
   858.314	   909.636
   755.082	   257.118
   698.057	   110.891
   864.479	   192.963
   322.681	   499.584
   670.789	   728.586
   450.874	   208.194
   382.103	   248.034
   410.811	   851.672
   401.480	   415.849
   317.384	   616.685
   621.919	   233.666
   430.247	   101.967
   973.802	   515.857
   677.801	   477.141
   198.570	   152.672
   426.701	   621.806
   343.346	   544.010
   797.639	   654.137
   879.998	   144.546
   903.842	   751.528
   662.720	   222.049
   270.208	   519.352
   252.367	   785.296
   854.898	    22.330
   527.715	   324.362
   802.161	   872.922
   572.489	   844.710
   733.143	   538.441
   519.012	   866.608
   770.884	   949.806
   568.858	   826.407
   465.710	   854.115
   342.689	    98.743
    68.209	   651.304
   377.924	   703.517
    79.626	   610.241
   982.817	   799.615
   181.613	    34.571
   811.859	   770.239
   874.962	   731.729
    73.366	   349.241
   698.827	   628.265
   914.929	   192.808
   770.180	   780.519
   670.264	   167.712
