100	25	3	2000	
        47	   211.628	   568.100	       4
       245	   265.547	   203.293	       4
       918	   491.573	   252.326	       4
        82	    53.363	   743.826	       4
       777	   574.118	   195.429	       4
       915	   146.729	   581.359	       4
       725	   589.306	   970.020	       4
       655	   699.758	   846.829	       4
       857	   102.334	   239.848	       4
       970	   414.056	   493.770	       4
       154	   694.400	   619.956	       4
       139	   414.179	   828.981	       4
       982	    49.953	   156.791	       4
       593	   535.896	    18.576	       4
       759	   663.795	    70.022	       4
       518	   514.889	   486.345	       4
       400	   944.595	   606.329	       4
       291	   586.555	   568.851	       4
       188	   903.402	   317.362	       4
       286	   137.475	   988.616	       4
       264	   139.276	   579.745	       4
       367	   807.391	   380.141	       4
       924	   397.677	   550.948	       4
       478	   165.354	   745.334	       4
       917	   927.509	   669.233	       4
       262	   347.766	   264.920	       4
       500	   750.812	    66.335	       4
       678	   725.998	   370.084	       4
       935	   883.306	   629.718	       4
       408	   623.672	   210.174	       4
       572	   750.942	   752.756	       4
       590	   348.898	    66.536	       4
       225	   269.928	   260.315	       4
       993	   895.886	   804.755	       4
       763	   428.091	   193.434	       4
       513	   964.840	   639.461	       4
       488	   663.441	   524.670	       4
       874	   621.696	   924.808	       4
        96	   114.746	   263.297	       4
       151	   949.489	    65.961	       4
       403	   449.912	   735.066	       4
        17	   578.390	   772.178	       4
       329	   408.137	   907.816	       4
       839	   237.027	   931.972	       4
       544	   903.380	    13.952	       4
       323	   573.679	   234.362	       4
       523	     2.870	   616.778	       4
       906	   617.145	   949.016	       4
       326	   326.645	   950.176	       4
       219	   527.058	   556.653	       4
       274	   885.942	   915.606	       4
       738	   357.270	   641.566	       4
       663	   908.535	   390.008	       4
       637	   623.360	   485.991	       4
       441	    15.821	   604.310	       4
       643	   929.437	   549.548	       4
       466	   690.897	   926.181	       4
       552	   997.323	   918.733	       4
        81	   172.341	   394.876	       4
       397	   137.136	   963.263	       4
       464	   932.595	   173.956	       4
       927	   696.818	   126.330	       4
       571	    66.000	   135.079	       4
       323	   755.463	   505.662	       4
       525	   753.876	    21.525	       4
       974	   923.025	   947.970	       4
       802	   711.525	   827.115	       4
       507	   124.271	    15.019	       4
        53	    19.880	   176.196	       4
       598	    26.211	   332.064	       4
        36	    28.306	   130.997	       4
       830	   246.211	   809.491	       4
       346	   860.028	   344.737	       4
       631	   538.831	   940.107	       4
       893	   552.822	   582.014	       4
       307	   842.031	   878.832	       4
       476	   124.173	   844.734	       4
        25	   279.184	   905.392	       4
        74	   585.759	   459.880	       4
       206	   969.596	   546.347	       4
        35	   561.030	   798.604	       4
       377	    18.647	   285.719	       4
       748	   800.633	   490.254	       4
       481	   232.974	   599.110	       4
       913	   807.105	    15.533	       4
       292	   387.861	   593.481	       4
       675	   863.542	   433.676	       4
       626	   747.122	   807.361	       4
        32	   556.240	   315.245	       4
       787	   136.455	   892.889	       4
       717	    59.918	   577.857	       4
       136	   121.343	   184.010	       4
       289	    44.552	   787.929	       4
       391	   107.494	   612.031	       4
       366	   225.709	    53.909	       4
       165	   712.989	   420.194	       4
       943	   559.717	   679.069	       4
       323	    12.556	   918.602	       4
       605	    71.974	     0.402	       4
       176	   967.276	   976.759	       4
   376.580	   426.701
   973.784	   343.346
   604.716	   797.639
   828.846	   879.998
   574.712	   903.842
   628.076	   662.720
   285.576	   270.208
   586.833	   252.367
   750.022	   854.898
   858.314	   527.715
   755.082	   802.161
   698.057	   572.489
   864.479	   733.143
   322.681	   519.012
   670.789	   770.884
   450.874	   568.858
   382.103	   465.710
   410.811	   342.689
   401.480	    68.209
   317.384	   377.924
   621.919	    79.626
   430.247	   982.817
   973.802	   181.613
   677.801	   811.859
   198.570	   874.962
    73.366	   349.241
   698.827	   628.265
   914.929	   192.808
