50	25	3	2000	
        47	    85.044	   927.509	       3
       245	    39.055	   347.766	       3
       918	   169.830	   750.812	       3
        82	   878.143	   725.998	       3
       777	    98.347	   883.306	       3
       915	   421.108	   623.672	       3
       725	   957.890	   750.942	       3
       655	   533.165	   348.898	       3
       857	   691.877	   269.928	       3
       970	   315.516	   895.886	       3
       154	   686.501	   428.091	       3
       139	   834.626	   964.840	       3
       982	    18.288	   663.441	       3
       593	   750.144	   621.696	       3
       759	   988.861	   114.746	       3
       518	   748.166	   949.489	       3
       400	   280.444	   449.912	       3
       291	   789.279	   578.390	       3
       188	   103.226	   408.137	       3
       286	   447.894	   237.027	       3
       264	   908.596	   903.380	       3
       367	   293.614	   573.679	       3
       924	   287.775	     2.870	       3
       478	   130.029	   617.145	       3
       917	    19.367	   326.645	       3
       262	   678.836	   527.058	       3
       500	   211.628	   885.942	       3
       678	   265.547	   357.270	       3
       935	   491.573	   908.535	       3
       408	    53.363	   623.360	       3
       572	   574.118	    15.821	       3
       590	   146.729	   929.437	       3
       225	   589.306	   690.897	       3
       993	   699.758	   997.323	       3
       763	   102.334	   172.341	       3
       513	   414.056	   137.136	       3
       488	   694.400	   932.595	       3
       874	   414.179	   696.818	       3
        96	    49.953	    66.000	       3
       151	   535.896	   755.463	       3
       403	   663.795	   753.876	       3
        17	   514.889	   923.025	       3
       329	   944.595	   711.525	       3
       839	   586.555	   124.271	       3
       544	   903.402	    19.880	       3
       323	   137.475	    26.211	       3
       523	   139.276	    28.306	       3
       906	   807.391	   246.211	       3
       326	   397.677	   860.028	       3
       219	   165.354	   538.831	       3
   552.822	   967.276
   842.031	   568.100
   124.173	   203.293
   279.184	   252.326
   585.759	   743.826
   969.596	   195.429
   561.030	   581.359
    18.647	   970.020
   800.633	   846.829
   232.974	   239.848
   807.105	   493.770
   387.861	   619.956
   863.542	   828.981
   747.122	   156.791
   556.240	    18.576
   136.455	    70.022
    59.918	   486.345
   121.343	   606.329
    44.552	   568.851
   107.494	   317.362
   225.709	   988.616
   712.989	   579.745
   559.717	   380.141
    12.556	   550.948
    71.974	   745.334
    73.366	   349.241
   698.827	   628.265
   914.929	   192.808
